[gd_scene load_steps=48 format=3 uid="uid://bb2j14h7dd1qo"]

[ext_resource type="Script" uid="uid://dcqy72d7qx5pq" path="res://addons/proton_scatter/src/scatter.gd" id="1_28xfc"]
[ext_resource type="PackedScene" uid="uid://de2sy05ot418v" path="res://Entities/Player/player.tscn" id="1_jbwu0"]
[ext_resource type="Script" uid="uid://d4fms7oct20m0" path="res://addons/proton_scatter/src/stack/modifier_stack.gd" id="2_3fhqe"]
[ext_resource type="LightmapGIData" uid="uid://0ysxq7gfyis3" path="res://Environment/level_01.lmbake" id="2_sqxud"]
[ext_resource type="Terrain3DAssets" uid="uid://b4mde02r42bwc" path="res://Environment/game_terrain.res" id="2_vwcvh"]
[ext_resource type="Script" uid="uid://b0t7lvqbat86r" path="res://addons/proton_scatter/src/modifiers/base_modifier.gd" id="3_frrha"]
[ext_resource type="Terrain3DMaterial" uid="uid://bc2166nsd4j01" path="res://Environment/game_terrain_mat.tres" id="3_m6yk8"]
[ext_resource type="Script" uid="uid://8lx1whd0imd7" path="res://addons/proton_scatter/src/modifiers/create_inside_random.gd" id="4_8mltw"]
[ext_resource type="Script" uid="uid://n3mslu5lkatv" path="res://addons/proton_scatter/src/modifiers/randomize_transforms.gd" id="5_imund"]
[ext_resource type="PackedScene" uid="uid://b1gpr016q5nlc" path="res://Environment/Trash_Zone/Trash_Zone_Handler/trash_zone_handler.tscn" id="5_vwcvh"]
[ext_resource type="Script" uid="uid://gdh26esjas1n" path="res://addons/proton_scatter/src/modifiers/relax.gd" id="6_j1atk"]
[ext_resource type="PackedScene" uid="uid://cprdlxpgmmxr1" path="res://Environment/Seed/seed.tscn" id="6_v2tia"]
[ext_resource type="PackedScene" uid="uid://q4nrk4l1g0ur" path="res://Environment/Seed_Pot/seed_pot.tscn" id="7_2we3s"]
[ext_resource type="Script" uid="uid://dsx6n45unx0x" path="res://addons/proton_scatter/src/modifiers/project_on_geometry.gd" id="7_k0at2"]
[ext_resource type="Script" uid="uid://ujqv73sq43gg" path="res://addons/proton_scatter/src/scatter_item.gd" id="8_bqcvc"]
[ext_resource type="Script" uid="uid://c0mvhdi13fdm1" path="res://addons/proton_scatter/src/scatter_shape.gd" id="9_qhhy6"]
[ext_resource type="Script" uid="uid://lu4gs2di20lx" path="res://addons/proton_scatter/src/shapes/sphere_shape.gd" id="10_xb7ri"]
[ext_resource type="Script" uid="uid://cvkvog5ij3rpo" path="res://Common/Hitbox_Hurtbox/hitbox.gd" id="11_3fhqe"]
[ext_resource type="PackedScene" uid="uid://bb6oitdv71g80" path="res://Common/Meshes/Can.fbx" id="11_j1atk"]
[ext_resource type="Material" uid="uid://diaprec3c05me" path="res://Environment/Materials/WaterMat.tres" id="15_k0at2"]
[ext_resource type="Texture2D" uid="uid://dwf2yfdjh8syg" path="res://Common/Materials/Textures/CorruptionDecal_AlbedoAlpha.png" id="16_qhhy6"]
[ext_resource type="Texture2D" uid="uid://c14rdjpjamomv" path="res://Common/Materials/Textures/CorruptionDecal_normal.png" id="17_xb7ri"]
[ext_resource type="Texture2D" uid="uid://byckm38knpsni" path="res://Common/Materials/Textures/CorruptionDecal_ORM.png" id="18_kx44x"]
[ext_resource type="Material" uid="uid://lnx2g8su7k1n" path="res://Environment/Materials/BlockerBlack.tres" id="19_ro0nm"]
[ext_resource type="PackedScene" uid="uid://ccvq1qn1tkrvg" path="res://Common/Meshes/Cave.fbx" id="19_uesah"]
[ext_resource type="PackedScene" uid="uid://txw653u8glk6" path="res://Common/Meshes/Bottle_Water.fbx" id="21_bqcvc"]
[ext_resource type="PackedScene" uid="uid://fjqlo0uoiran" path="res://Common/Meshes/Bottle_Wine.fbx" id="22_j1atk"]
[ext_resource type="PackedScene" uid="uid://bvcwwb1c15dsa" path="res://Common/Materials/trash_bag.tscn" id="26_xb7ri"]
[ext_resource type="PackedScene" uid="uid://bqshii1otgs3" path="res://Entities/Boss_01/boss_01.tscn" id="27_kx44x"]

[sub_resource type="Resource" id="Resource_ro0nm"]
script = ExtResource("4_8mltw")
amount = 75
enabled = true
override_global_seed = false
custom_seed = 0
restrict_height = true
reference_frame = 1

[sub_resource type="Resource" id="Resource_6wqw5"]
script = ExtResource("5_imund")
position = Vector3(0.15, 0.15, 0.15)
rotation = Vector3(20, 360, 20)
scale = Vector3(0.1, 0.1, 0.1)
enabled = true
override_global_seed = false
custom_seed = 0
restrict_height = false
reference_frame = 2

[sub_resource type="Resource" id="Resource_4dlj8"]
script = ExtResource("6_j1atk")
iterations = 3
offset_step = 0.2
consecutive_step_multiplier = 0.75
use_computeshader = true
enabled = true
override_global_seed = false
custom_seed = 0
restrict_height = true
reference_frame = 0

[sub_resource type="Resource" id="Resource_5eqnq"]
script = ExtResource("7_k0at2")
ray_direction = Vector3(0, -1, 0)
ray_length = 5.0
ray_offset = 5.0
remove_points_on_miss = false
align_with_collision_normal = false
max_slope = 90.0
collision_mask = 1
exclude_mask = 0
enabled = true
override_global_seed = false
custom_seed = 0
restrict_height = false
reference_frame = 0

[sub_resource type="Resource" id="Resource_nphhr"]
script = ExtResource("2_3fhqe")
stack = Array[ExtResource("3_frrha")]([SubResource("Resource_ro0nm"), SubResource("Resource_6wqw5"), SubResource("Resource_4dlj8"), SubResource("Resource_5eqnq")])

[sub_resource type="Resource" id="Resource_g8bsm"]
script = ExtResource("10_xb7ri")
radius = 4.60284

[sub_resource type="PlaneMesh" id="PlaneMesh_vwcvh"]
material = ExtResource("15_k0at2")
size = Vector2(1000, 1000)

[sub_resource type="PlaneMesh" id="PlaneMesh_4dlj8"]
material = ExtResource("15_k0at2")
size = Vector2(50, 166.265)

[sub_resource type="PlaneMesh" id="PlaneMesh_5eqnq"]
material = ExtResource("15_k0at2")
size = Vector2(50, 50)

[sub_resource type="BoxShape3D" id="BoxShape3D_frrha"]
size = Vector3(763.505, 5, 869.169)

[sub_resource type="BoxMesh" id="BoxMesh_6wqw5"]
lightmap_size_hint = Vector2i(633, 453)
material = ExtResource("19_ro0nm")
add_uv2 = true
size = Vector3(83.06, 3.215, 42.84)

[sub_resource type="BoxMesh" id="BoxMesh_4dlj8"]
lightmap_size_hint = Vector2i(620, 413)
material = ExtResource("19_ro0nm")
add_uv2 = true
size = Vector3(73.34, 4.075, 50.04)

[sub_resource type="BoxShape3D" id="BoxShape3D_8w78v"]
size = Vector3(22.5297, 1, 49.8643)

[sub_resource type="SphereShape3D" id="SphereShape3D_v2tia"]

[sub_resource type="ProceduralSkyMaterial" id="ProceduralSkyMaterial_jbwu0"]
sky_top_color = Color(0.544964, 0.658842, 0.796344, 1)
sky_horizon_color = Color(0.698733, 0.701203, 0.790032, 1)
sky_curve = 0.0803829
ground_horizon_color = Color(0.698733, 0.701203, 0.790032, 1)
sun_curve = 0.0247408

[sub_resource type="Sky" id="Sky_sqxud"]
sky_material = SubResource("ProceduralSkyMaterial_jbwu0")

[sub_resource type="Environment" id="Environment_sqxud"]
background_mode = 2
sky = SubResource("Sky_sqxud")
tonemap_mode = 3
ssr_enabled = true
sdfgi_enabled = true
glow_enabled = true
volumetric_fog_density = 0.005
volumetric_fog_albedo = Color(0.700199, 0.86386, 0.756858, 1)

[sub_resource type="CameraAttributesPhysical" id="CameraAttributesPhysical_jbwu0"]
auto_exposure_enabled = true
auto_exposure_min_exposure_value = -3.0
auto_exposure_max_exposure_value = 12.0

[node name="Level01" type="Node3D"]

[node name="WorldGeometry" type="Node3D" parent="."]

[node name="Terrain3D" type="Terrain3D" parent="WorldGeometry"]
data_directory = "res://Environment/GameTerrain"
material = ExtResource("3_m6yk8")
assets = ExtResource("2_vwcvh")
top_level = true
metadata/_edit_lock_ = true

[node name="ScatterMeshes" type="Node3D" parent="WorldGeometry"]

[node name="ProtonScatter" type="Node3D" parent="WorldGeometry/ScatterMeshes"]
transform = Transform3D(1, 0, 0, 0, 1, 0, 0, 0, 1, 32.6338, 2.61362, -28.8726)
script = ExtResource("1_28xfc")
modifier_stack = SubResource("Resource_nphhr")
Performance/use_chunks = true
Performance/chunk_dimensions = Vector3(15, 15, 15)
metadata/_custom_type_script = "uid://dcqy72d7qx5pq"

[node name="ScatterItem" type="Node3D" parent="WorldGeometry/ScatterMeshes/ProtonScatter"]
script = ExtResource("8_bqcvc")
path = "uid://bb6oitdv71g80"

[node name="ScatterShape" type="Node3D" parent="WorldGeometry/ScatterMeshes/ProtonScatter"]
transform = Transform3D(1, 0, -2.98023e-08, 0, 1, 0, 2.98023e-08, 0, 1, -3.76498, -0.558545, 43.4987)
script = ExtResource("9_qhhy6")
shape = SubResource("Resource_g8bsm")

[node name="Can" parent="WorldGeometry/ScatterMeshes/ProtonScatter" instance=ExtResource("11_j1atk")]
transform = Transform3D(1, 0, 0, 0, 1, 0, 0, 0, 1, -9.34394, -1.8421, 42.5334)

[node name="Markers" type="Node3D" parent="WorldGeometry/ScatterMeshes"]
visible = false

[node name="Hub_CSG" type="CSGBox3D" parent="WorldGeometry/ScatterMeshes/Markers"]
transform = Transform3D(1, 0, 0, 0, 1, 0, 0, 0, 1, 26.764, 50, 0)
size = Vector3(10, 100, 10)

[node name="Mountains_CSG" type="CSGBox3D" parent="WorldGeometry/ScatterMeshes/Markers"]
transform = Transform3D(1, 0, 0, 0, 1, 0, 0, 0, 1, -18.567, 150, -250)
size = Vector3(10, 100, 10)

[node name="Swamp_CSG" type="CSGBox3D" parent="WorldGeometry/ScatterMeshes/Markers"]
transform = Transform3D(1, 0, 0, 0, 1, 0, 0, 0, 1, 356.837, 23.3997, 455.861)
size = Vector3(10, 100, 10)

[node name="Factory_CSG" type="CSGBox3D" parent="WorldGeometry/ScatterMeshes/Markers"]
transform = Transform3D(1, 0, 0, 0, 1, 0, 0, 0, 1, -227.945, 50.528, 271.803)
size = Vector3(10, 100, 10)

[node name="Houses" type="Node3D" parent="WorldGeometry"]
transform = Transform3D(0.755979, 0, -0.654596, 0, 1, 0, 0.654596, 0, 0.755979, -121.723, 1.80699, 217.999)

[node name="House_CSG_01" type="CSGBox3D" parent="WorldGeometry/Houses"]
transform = Transform3D(1, 0, 2.98023e-08, 0, 1, 0, -2.98023e-08, 0, 1, 0, 0, 0)
size = Vector3(10, 4, 8)

[node name="House_CSG_02" type="CSGBox3D" parent="WorldGeometry/Houses"]
transform = Transform3D(1, 0, 2.98023e-08, 0, 1, 0, -2.98023e-08, 0, 1, 0.0570679, 0, 14.6031)
size = Vector3(10, 4, 8)

[node name="House_CSG_03" type="CSGBox3D" parent="WorldGeometry/Houses"]
transform = Transform3D(1, 0, 2.98023e-08, 0, 1, 0, -2.98023e-08, 0, 1, 0.877533, 0, -15.5235)
size = Vector3(10, 4, 8)

[node name="House_CSG_04" type="CSGBox3D" parent="WorldGeometry/Houses"]
transform = Transform3D(1, 0, 2.98023e-08, 0, 1, 0, -2.98023e-08, 0, 1, 28.5867, 0, -14.8307)
size = Vector3(10, 4, 8)

[node name="House_CSG_05" type="CSGBox3D" parent="WorldGeometry/Houses"]
transform = Transform3D(1, 0, 2.98023e-08, 0, 1, 0, -2.98023e-08, 0, 1, 30.0449, 0, 1.22063)
size = Vector3(10, 4, 8)

[node name="House_CSG_06" type="CSGBox3D" parent="WorldGeometry/Houses"]
transform = Transform3D(1, 0, 2.98023e-08, 0, 1, 0, -2.98023e-08, 0, 1, 29.713, 0, 15.2451)
size = Vector3(10, 4, 8)

[node name="Factory" type="Node3D" parent="WorldGeometry"]
transform = Transform3D(0.827953, 0, 0.560798, 0, 1, 0, -0.560798, 0, 0.827953, -263.204, 15.0609, 253.163)

[node name="House_CSG_07" type="CSGBox3D" parent="WorldGeometry/Factory"]
transform = Transform3D(1, 0, -2.98023e-08, 0, 1, 0, 2.98023e-08, 0, 1, 0, 0, 0)
size = Vector3(50, 31, 50)

[node name="House_CSG_15" type="CSGBox3D" parent="WorldGeometry/Factory"]
transform = Transform3D(1, 0, -2.98023e-08, 0, 1, 0, 2.98023e-08, 0, 1, 16.9055, 17, -35.6776)
size = Vector3(5, 65, 5)

[node name="House_CSG_16" type="CSGBox3D" parent="WorldGeometry/Factory"]
transform = Transform3D(1, 0, -2.98023e-08, 0, 1, 0, 2.98023e-08, 0, 1, -1.68112, 17, -33.8519)
size = Vector3(5, 65, 5)

[node name="Bridge" type="Node3D" parent="WorldGeometry"]
transform = Transform3D(0.654596, 0, 0.755979, 0, 1, 0, -0.755979, 0, 0.654596, -56.8985, 0.30699, 85.0624)

[node name="House_CSG_08" type="CSGBox3D" parent="WorldGeometry/Bridge"]
transform = Transform3D(1, 0, 2.98023e-08, 0, 1, 0, -2.98023e-08, 0, 1, 0, 0, 0)
size = Vector3(27, 1, 8)

[node name="House_CSG_11" type="CSGBox3D" parent="WorldGeometry/Bridge"]
transform = Transform3D(0.999608, 0.0197484, 0.0198324, -0.0193052, 0.999565, -0.0222952, -0.0202646, 0.0219036, 0.999555, 9.95982, 3.39202, 5.54175)
size = Vector3(2, 7.34875, 2)

[node name="House_CSG_12" type="CSGBox3D" parent="WorldGeometry/Bridge"]
transform = Transform3D(0.999608, 0.0197484, 0.0198324, -0.0193052, 0.999565, -0.0222952, -0.0202646, 0.0219036, 0.999555, 9.53502, 3.51794, -5.29338)
size = Vector3(2, 7.60071, 2)

[node name="House_CSG_13" type="CSGBox3D" parent="WorldGeometry/Bridge"]
transform = Transform3D(0.999608, 0.0197484, 0.0198324, -0.0193052, 0.999565, -0.0222952, -0.0202646, 0.0219036, 0.999555, 88.2162, 3.39202, 5.81576)
size = Vector3(2, 7.34875, 2)

[node name="House_CSG_14" type="CSGBox3D" parent="WorldGeometry/Bridge"]
transform = Transform3D(0.999608, 0.0197484, 0.0198324, -0.0193052, 0.999565, -0.0222952, -0.0202646, 0.0219036, 0.999555, 87.7913, 3.51794, -5.01927)
size = Vector3(2, 7.60071, 2)

[node name="House_CSG_09" type="CSGBox3D" parent="WorldGeometry/Bridge"]
transform = Transform3D(0.50785, 0.837609, 0.201246, -0.822029, 0.541061, -0.177542, -0.257598, -0.0752656, 0.963316, 26.3024, -17.4646, -8.3614)
size = Vector3(30, 1, 8)

[node name="House_CSG_10" type="CSGBox3D" parent="WorldGeometry/Bridge"]
transform = Transform3D(0.512336, -0.823679, -0.243034, 0.844025, 0.535189, -0.0345635, 0.158539, -0.187419, 0.969401, 67.929, -20.1073, -6.60763)
size = Vector3(30, 1, 8)

[node name="CaveEntrance" type="Node3D" parent="WorldGeometry"]
transform = Transform3D(-0.436629, 0, -0.899642, 0, 1, 0, 0.899642, 0, -0.436629, -257.921, 5.67504, -27.0709)

[node name="House_CSG_17" type="CSGBox3D" parent="WorldGeometry/CaveEntrance"]
size = Vector3(5.21082, 12.1985, 5)

[node name="House_CSG_18" type="CSGBox3D" parent="WorldGeometry/CaveEntrance"]
transform = Transform3D(1, 0, 0, 0, 1, 0, 0, 0, 1, -11.4164, 0.11707, -0.234161)
size = Vector3(5.64063, 12.4624, 5)

[node name="House_CSG_19" type="CSGBox3D" parent="WorldGeometry/CaveEntrance"]
transform = Transform3D(0.00513927, 0.997426, -0.0715052, -0.997427, -4.04228e-08, -0.0716888, -0.0715044, 0.0716893, 0.99486, -4.87869, 9.68962, 1.06067)
size = Vector3(15.3613, 19, 12.3951)

[node name="House_CSG_20" type="CSGBox3D" parent="WorldGeometry/CaveEntrance"]
transform = Transform3D(0.00513927, 0.997426, -0.0715052, -0.997427, -4.04228e-08, -0.0716888, -0.0715044, 0.0716893, 0.99486, -4.8509, -7.53911, 0.673996)
size = Vector3(4.5459, 19, 12.3951)

[node name="Water" type="Node3D" parent="WorldGeometry"]
transform = Transform3D(1, 0, 0, 0, 1, 0, 0, 0, 1, 288.981, -27.6852, 267.854)

[node name="Water_Mesh" type="MeshInstance3D" parent="WorldGeometry/Water"]
mesh = SubResource("PlaneMesh_vwcvh")
skeleton = NodePath("../../..")

[node name="Water_Mesh2" type="MeshInstance3D" parent="WorldGeometry/Water"]
transform = Transform3D(0.866025, -0.5, 2.18557e-08, 0, -4.37114e-08, -1, 0.5, 0.866025, -3.78552e-08, -318.644, 60.0781, -439.232)
mesh = SubResource("PlaneMesh_4dlj8")
skeleton = NodePath("../../..")

[node name="Water_Mesh3" type="MeshInstance3D" parent="WorldGeometry/Water"]
transform = Transform3D(0.866025, 0, -0.5, 0, 1, 0, 0.5, 0, 0.866025, -306.2, 143.271, -460.512)
mesh = SubResource("PlaneMesh_5eqnq")
skeleton = NodePath("../../..")

[node name="WaterKillBox" type="Area3D" parent="WorldGeometry/Water"]
transform = Transform3D(1, 0, 0, 0, 1, 0, 0, 0, 1, -288.981, 27.6852, -267.854)
collision_layer = 0
collision_mask = 3
script = ExtResource("11_3fhqe")
value = -1000.0
metadata/_custom_type_script = "uid://cvkvog5ij3rpo"

[node name="CollisionShape3D" type="CollisionShape3D" parent="WorldGeometry/Water/WaterKillBox"]
transform = Transform3D(1, 0, 0, 0, 1, 0, 0, 0, 1, 252.7, -34.8581, 149.624)
shape = SubResource("BoxShape3D_frrha")

[node name="Ramps" type="Node3D" parent="WorldGeometry"]
transform = Transform3D(1, 0, 0, 0, 1, 0, 0, 0, 1, 288.981, -27.6852, 267.854)

[node name="CSGBox3D3" type="CSGBox3D" parent="WorldGeometry/Ramps"]
transform = Transform3D(0.933013, 0.25, 0.258819, -0.258819, 0.965926, 0, -0.25, -0.0669873, 0.965926, -75.34, 43.9522, -354.213)
use_collision = true
size = Vector3(16, 0.5, 9.30127)

[node name="CSGBox3D4" type="CSGBox3D" parent="WorldGeometry/Ramps"]
transform = Transform3D(0.965926, 0, -0.258819, 0, 1, 0, 0.258819, 0, 0.965926, -73.09, 33.0397, -346.948)
size = Vector3(2, 2, 2)

[node name="CSGBox3D2" type="CSGBox3D" parent="WorldGeometry/Ramps"]
transform = Transform3D(0.965926, 0, 0.258819, 0, 1, 0, -0.258819, 0, 0.965926, -62.741, 39.7392, -358.249)
use_collision = true
size = Vector3(4, 0.5, 10.6592)

[node name="CSGBox3D6" type="CSGBox3D" parent="WorldGeometry/Ramps"]
transform = Transform3D(0.836516, -0.482963, 0.258819, 0.5, 0.866025, 0, -0.224144, 0.12941, 0.965926, -70.428, 52.796, -352.785)
use_collision = true
size = Vector3(16, 0.5, 4)

[node name="CSGBox3D7" type="CSGBox3D" parent="WorldGeometry/Ramps"]
transform = Transform3D(0.965926, 0, 0.258819, 0, 1, 0, -0.258819, 0, 0.965926, -63.17, 56.7752, -359.848)
use_collision = true
size = Vector3(4, 0.5, 13.9712)

[node name="CSGBox3D5" type="CSGBox3D" parent="WorldGeometry/Ramps"]
transform = Transform3D(0.965926, 0, 0.258819, 0, 1, 0, -0.258819, 0, 0.965926, -83.943, 46.0165, -349.121)
use_collision = true
size = Vector3(4, 0.5, 4)

[node name="CSGBox3D8" type="CSGBox3D" parent="WorldGeometry/Ramps"]
transform = Transform3D(0.933013, 0.25, 0.258819, -0.258819, 0.965926, 0, -0.25, -0.0669873, 0.965926, -74.654, 61.4249, -361.679)
use_collision = true
size = Vector3(16, 0.5, 4)

[node name="CSGBox3D9" type="CSGBox3D" parent="WorldGeometry/Ramps"]
transform = Transform3D(0.965926, 0, 0.258819, 0, 1, 0, -0.258819, 0, 0.965926, -88.629, 63.4893, -357.892)
use_collision = true
size = Vector3(13.7021, 0.5, 4)

[node name="CSGBox3D12" type="CSGBox3D" parent="WorldGeometry/Ramps"]
transform = Transform3D(-0.866025, 0.5, -8.74228e-08, 0.5, 0.866025, 0, 7.57103e-08, -4.37114e-08, -1, -125.178, 85.218, -382.093)
use_collision = true
size = Vector3(16, 0.5, 4)

[node name="CSGBox3D13" type="CSGBox3D" parent="WorldGeometry/Ramps"]
transform = Transform3D(-0.965926, -0.258819, -8.74228e-08, -0.258819, 0.965926, -2.42771e-15, 8.05872e-08, 3.70201e-08, -1, -120.803, 93.4101, -382.093)
use_collision = true
size = Vector3(16, 0.5, 4)

[node name="CSGBox3D14" type="CSGBox3D" parent="WorldGeometry/Ramps"]
transform = Transform3D(-1, 0, -8.74228e-08, 0, 1, 0, 8.74228e-08, 0, -1, -134.017, 89.1971, -382.135)
use_collision = true
size = Vector3(4, 0.5, 4)

[node name="CSGBox3D15" type="CSGBox3D" parent="WorldGeometry/Ramps"]
transform = Transform3D(-0.866025, 0.5, -8.74228e-08, 0.5, 0.866025, 0, 7.57103e-08, -4.37114e-08, -1, -125.178, 102.254, -382.093)
use_collision = true
size = Vector3(16, 0.5, 4)

[node name="CSGBox3D16" type="CSGBox3D" parent="WorldGeometry/Ramps"]
transform = Transform3D(-1, 0, -8.74228e-08, 0, 1, 0, 8.74228e-08, 0, -1, -134.017, 106.233, -382.135)
use_collision = true
size = Vector3(4, 0.5, 4)

[node name="CSGBox3D19" type="CSGBox3D" parent="WorldGeometry/Ramps"]
transform = Transform3D(-1, 0, -8.74228e-08, 0, 1, 0, 8.74228e-08, 0, -1, -111.175, 95.4744, -382.135)
use_collision = true
size = Vector3(4, 0.5, 4)

[node name="CSGBox3D18" type="CSGBox3D" parent="WorldGeometry/Ramps"]
transform = Transform3D(-3.83653e-08, -2.57068e-08, 1, -0.258819, 0.965926, -4.85541e-15, -0.965926, -0.258819, -4.37114e-08, -116.01, 79.2114, -391.759)
use_collision = true
size = Vector3(16, 0.5, 4)

[node name="CSGBox3D32" type="CSGBox3D" parent="WorldGeometry/Ramps"]
transform = Transform3D(0.000383929, 0, 1, 0, 1, 0, -1, 0, 0.000383929, -115.968, 81.2757, -382.131)
use_collision = true
size = Vector3(4, 0.5, 4)

[node name="CSGBox3D30" type="CSGBox3D" parent="WorldGeometry/Ramps"]
transform = Transform3D(0.965926, 0.258819, 3.55271e-15, -0.258819, 0.965926, -6.15812e-15, 3.8567e-09, -1.43934e-08, 1, -96.593, 79.1771, -382.005)
use_collision = true
size = Vector3(16, 0.5, 4)

[node name="CSGBox3D33" type="CSGBox3D" parent="WorldGeometry/Ramps"]
transform = Transform3D(1, 0, -0.000383972, 0, 1, 0, 0.000383972, 0, 1, -106.222, 81.2414, -381.964)
use_collision = true
size = Vector3(4, 0.5, 4)

[node name="CSGBox3D34" type="CSGBox3D" parent="WorldGeometry/Ramps"]
transform = Transform3D(-0.965926, -0.258819, 8.9407e-08, -0.258819, 0.965926, 3.33999e-09, -7.45058e-08, 0, -1, -93.699, 70.9447, -381.964)
use_collision = true
size = Vector3(16, 0.5, 4)

[node name="CSGBox3D35" type="CSGBox3D" parent="WorldGeometry/Ramps"]
transform = Transform3D(-1, 0, 0.000384048, 0, 1, 0, -0.000384048, 0, -1, -84.071, 73.0091, -382.005)
use_collision = true
size = Vector3(4, 0.5, 4)

[node name="CSGBox3D20" type="CSGBox3D" parent="WorldGeometry/Ramps"]
transform = Transform3D(-4.47035e-08, 7.45058e-09, -1, -0.258819, 0.965926, 7.1967e-09, 0.965926, 0.258819, -7.45058e-08, -111.376, 116.133, -391.353)
use_collision = true
size = Vector3(16, 0.5, 4)

[node name="CSGBox3D21" type="CSGBox3D" parent="WorldGeometry/Ramps"]
transform = Transform3D(-5.96046e-08, 0, -1, 0, 1, 0, 1, 0, -5.96046e-08, -111.417, 118.197, -400.981)
use_collision = true
size = Vector3(4, 0.5, 4)

[node name="CSGBox3D27" type="CSGBox3D" parent="WorldGeometry/Ramps"]
transform = Transform3D(-0.965926, -0.258819, -8.74228e-08, -0.258819, 0.965926, -2.42771e-15, 8.05872e-08, 3.70201e-08, -1, -120.803, 110.883, -382.093)
use_collision = true
size = Vector3(16, 0.5, 4)

[node name="CSGBox3D28" type="CSGBox3D" parent="WorldGeometry/Ramps"]
transform = Transform3D(-1, 0, -8.74228e-08, 0, 1, 0, 8.74228e-08, 0, -1, -111.175, 112.947, -382.135)
use_collision = true
size = Vector3(4, 0.5, 4)

[node name="CSGBox3D22" type="CSGBox3D" parent="WorldGeometry/Ramps"]
transform = Transform3D(-0.866026, 0.5, -8.9407e-08, 0.5, 0.866026, 0, 5.96046e-08, -2.98023e-08, -1, -120.273, 122.194, -402.399)
use_collision = true
size = Vector3(16, 0.5, 4)

[node name="CSGBox3D23" type="CSGBox3D" parent="WorldGeometry/Ramps"]
transform = Transform3D(1.24197e-08, -1.8489e-08, 1, -0.258819, 0.965926, -2.6054e-15, -0.965926, -0.258819, -1.053e-07, -131.677, 127.376, -399.466)
use_collision = true
size = Vector3(16, 0.5, 4)

[node name="CSGBox3D24" type="CSGBox3D" parent="WorldGeometry/Ramps"]
transform = Transform3D(-1, 0, -8.9407e-08, 0, 1, 0, 8.9407e-08, 0, -1, -129.112, 126.173, -402.441)
use_collision = true
size = Vector3(4, 0.5, 4)

[node name="CSGBox3D25" type="CSGBox3D" parent="WorldGeometry/Ramps"]
transform = Transform3D(0.866026, -0.5, 1.7683e-07, 0.5, 0.866026, 2.66454e-15, -1.35315e-07, 7.35137e-08, 1, -122.706, 133.453, -389.94)
use_collision = true
size = Vector3(16, 0.5, 4)

[node name="CSGBox3D26" type="CSGBox3D" parent="WorldGeometry/Ramps"]
transform = Transform3D(1, 0, 1.7683e-07, 0, 1, 0, -1.7683e-07, 0, 1, -113.867, 137.432, -389.898)
use_collision = true
size = Vector3(4, 0.5, 4)

[node name="CSGBox3D29" type="CSGBox3D" parent="WorldGeometry/Ramps"]
transform = Transform3D(-4.56956e-08, 0, 1, 0, 1, 0, -1, 0, -4.56956e-08, -131.635, 129.44, -389.838)
use_collision = true
size = Vector3(4, 0.5, 4)

[node name="CSGBox3D31" type="CSGBox3D" parent="WorldGeometry/Ramps"]
transform = Transform3D(-1, 0, -8.9407e-08, 0, 1, 0, 8.9407e-08, 0, -1, -110.021, 137.499, -400.583)
use_collision = true
size = Vector3(4, 0.5, 25.2862)

[node name="Logs" type="Node3D" parent="WorldGeometry"]
transform = Transform3D(1, 0, 0, 0, -0.0653683, -0.997861, 0, 0.997861, -0.0653683, 405.723, -27.1912, 257.005)

[node name="CSGCylinder3D" type="CSGCylinder3D" parent="WorldGeometry/Logs"]
use_collision = true
height = 18.5475

[node name="CSGCylinder3D2" type="CSGCylinder3D" parent="WorldGeometry/Logs"]
transform = Transform3D(0.946085, 0.302157, 0.11672, -0.323224, 0.857087, 0.401159, 0.0211739, -0.417258, 0.908542, -2.89798, 2.8959, 2.58082)
use_collision = true
height = 18.5475

[node name="CSGCylinder3D3" type="CSGCylinder3D" parent="WorldGeometry/Logs"]
transform = Transform3D(0.682777, -0.729065, 0.0477599, 0.698538, 0.670554, 0.249807, -0.214151, -0.137201, 0.967117, 6.01929, 94.7888, -6.06971)
use_collision = true
height = 21.5443

[node name="CSGCylinder3D4" type="CSGCylinder3D" parent="WorldGeometry/Logs"]
transform = Transform3D(0.882627, -0.438494, -0.169385, 0.426793, 0.898556, -0.102201, 0.197016, 0.0179125, 0.980237, 17.1014, 79.7628, -4.78787)
use_collision = true
height = 18.5475

[node name="Cave" parent="WorldGeometry" instance=ExtResource("19_uesah")]
transform = Transform3D(1, 0, 1.73205, 0, 2, 0, -1.73205, 0, 1, -256.066, 0.335709, -32.4003)

[node name="LightBlockers" type="Node3D" parent="WorldGeometry"]

[node name="LightBlocker2" type="MeshInstance3D" parent="WorldGeometry/LightBlockers"]
transform = Transform3D(0.866025, 0, -0.5, 0, 1, 0, 0.5, 0, 0.866025, -291.087, 10.1905, -68.0113)
mesh = SubResource("BoxMesh_6wqw5")
skeleton = NodePath("../../../Player")

[node name="LightBlocker" type="MeshInstance3D" parent="WorldGeometry/LightBlockers"]
transform = Transform3D(0.866025, 0, -0.5, 0, 1, 0, 0.5, 0, 0.866025, -327.09, -1.52379, -102.382)
mesh = SubResource("BoxMesh_4dlj8")
skeleton = NodePath("../../../Player")

[node name="Player" parent="." instance=ExtResource("1_jbwu0")]
transform = Transform3D(1, 0, 0, 0, 1, 0, 0, 0, 1, 0, 4.20153, -16.0032)
jumpForce = 10.0
groundAccel = 8.0
airAccel = 8.0
gravity = -25.0
fov = 80.0

[node name="LightmapGI" type="LightmapGI" parent="."]
transform = Transform3D(1, 0, 0, 0, 1, 0, 0, 0, 1, 0.00327778, 0.0100541, -0.0043087)
quality = 3
supersampling = true
generate_probes_subdiv = 4
light_data = ExtResource("2_sqxud")

[node name="CorruptedZone01" type="Node3D" parent="."]
transform = Transform3D(-0.990574, 0, 0.136978, 0, 1, 0, -0.136978, 0, -0.990574, 0, 0, 0)

[node name="TrashZoneHandler" parent="CorruptedZone01" instance=ExtResource("5_vwcvh")]
transform = Transform3D(-0.990574, 0, -0.136978, 0, 1, 0, 0.136978, 0, -0.990574, -9.39506, 1.238, 1.29916)

[node name="CollisionShape3D" type="CollisionShape3D" parent="CorruptedZone01/TrashZoneHandler/Hitbox" index="0"]
transform = Transform3D(1, 0, 0, 0, 1, 0, 0, 0, 1, 23.1493, 0, -28.8726)
shape = SubResource("BoxShape3D_8w78v")

[node name="CollisionShape3D3" type="CollisionShape3D" parent="CorruptedZone01/TrashZoneHandler/Hitbox" index="1"]
transform = Transform3D(0.412643, 0, 0.910893, 0, 1, 0, -0.910893, 0, 0.412643, 58.3088, 0, 6.76621)
shape = SubResource("BoxShape3D_8w78v")

[node name="CollisionShape3D2" type="CollisionShape3D" parent="CorruptedZone01/TrashZoneHandler/Hitbox" index="2"]
transform = Transform3D(14.39, 0, 0, 0, 14.39, 0, 0, 0, 14.39, 33.0084, 0, -19.5601)
shape = SubResource("SphereShape3D_v2tia")

[node name="Seed" parent="CorruptedZone01" instance=ExtResource("6_v2tia")]
transform = Transform3D(-0.990574, 0, -0.136978, 0, 1, 0, 0.136978, 0, -0.990574, -79.6924, 0.807236, 3.1758)

[node name="Seed2" parent="CorruptedZone01" instance=ExtResource("6_v2tia")]
transform = Transform3D(-0.990575, 0, -0.136978, 0, 1, 0, 0.136978, 0, -0.990575, -426.888, -26.3239, -186.226)

[node name="Seed3" parent="CorruptedZone01" instance=ExtResource("6_v2tia")]
transform = Transform3D(-0.990575, 0, -0.136978, 0, 1, 0, 0.136978, 0, -0.990575, -460.408, -25.6649, -248.225)

[node name="SeedPot" parent="CorruptedZone01" instance=ExtResource("7_2we3s")]
transform = Transform3D(-0.990574, 0, -0.136978, 0, 1, 0, 0.136978, 0, -0.990574, -103.549, 0.846239, -0.513453)

[node name="SeedPot2" parent="CorruptedZone01" instance=ExtResource("7_2we3s")]
transform = Transform3D(-0.990575, 0, -0.136978, 0, 1, 0, 0.136978, 0, -0.990575, -437.275, -26.7608, -188.617)

[node name="SeedPot3" parent="CorruptedZone01" instance=ExtResource("7_2we3s")]
transform = Transform3D(-0.990575, 0, -0.136978, 0, 1, 0, 0.136978, 0, -0.990575, -466.711, -26.2327, -265.685)

[node name="TrashProps" type="Node3D" parent="CorruptedZone01"]

[node name="Bottle_Water_fbx" parent="CorruptedZone01/TrashProps" instance=ExtResource("21_bqcvc")]
transform = Transform3D(-0.990574, 0, -0.136978, 0, 1, 0, 0.136978, 0, -0.990574, -25.6153, 0.697156, -8.88078)

[node name="Bottle_Water_fbx2" parent="CorruptedZone01/TrashProps" instance=ExtResource("21_bqcvc")]
transform = Transform3D(0.990574, 0, 0.136978, 0, 1, 0, -0.136978, 0, 0.990574, -24.4785, 0.698979, -9.80612)

[node name="Bottle_Water_fbx3" parent="CorruptedZone01/TrashProps" instance=ExtResource("21_bqcvc")]
transform = Transform3D(0.990574, 0, 0.136978, 0, 1, 0, -0.136978, 0, 0.990574, -24.0445, 0.698503, -10.9197)

[node name="Bottle_Water_fbx4" parent="CorruptedZone01/TrashProps" instance=ExtResource("21_bqcvc")]
transform = Transform3D(0.990574, 0, 0.136978, 0, 1, 0, -0.136978, 0, 0.990574, -24.3215, 0.694151, -8.99477)

[node name="Can_fbx" parent="CorruptedZone01/TrashProps" instance=ExtResource("11_j1atk")]
transform = Transform3D(-0.990574, 0, -0.136978, 0, 1, 0, 0.136978, 0, -0.990574, -24.8906, 0.11616, -9.33624)

[node name="Can_fbx2" parent="CorruptedZone01/TrashProps" instance=ExtResource("11_j1atk")]
transform = Transform3D(-0.990574, 0, -0.136978, 0, 1, 0, 0.136978, 0, -0.990574, -24.1099, 0.694461, -9.62954)

[node name="Can_fbx3" parent="CorruptedZone01/TrashProps" instance=ExtResource("11_j1atk")]
transform = Transform3D(-0.136978, 0, 0.990574, 0, 1, 0, -0.990574, 0, -0.136978, -23.5661, 0.699319, -9.24057)

[node name="Can_fbx4" parent="CorruptedZone01/TrashProps" instance=ExtResource("11_j1atk")]
transform = Transform3D(-0.136978, 0, 0.990574, 0, 1, 0, -0.990574, 0, -0.136978, -24.3255, 0.696171, -8.48825)

[node name="Bottle_Water_fbx5" parent="CorruptedZone01/TrashProps" instance=ExtResource("21_bqcvc")]
transform = Transform3D(-0.990574, 0, -0.136978, 0, 1, 0, 0.136978, 0, -0.990574, -25.0419, 0.690454, -9.24061)

[node name="Bottle_Wine_fbx" parent="CorruptedZone01/TrashProps" instance=ExtResource("22_j1atk")]
transform = Transform3D(-0.990574, 0, -0.136978, 0, 1, 0, 0.136978, 0, -0.990574, -25.2122, 0.699048, -9.38707)

[node name="Can_fbx5" parent="CorruptedZone01/TrashProps" instance=ExtResource("11_j1atk")]
transform = Transform3D(-0.990574, 0, -0.136978, 0, 1, 0, 0.136978, 0, -0.990574, -25.3968, 0.696631, -9.96906)

[node name="TrashBag" parent="CorruptedZone01/TrashProps" instance=ExtResource("26_xb7ri")]
transform = Transform3D(0.937057, 0, -0.349177, 0, 1, 0, 0.349177, 0, 0.937057, -36.4427, 0.613258, 5.3658)

[node name="Decals" type="Node3D" parent="CorruptedZone01"]

[node name="Decal" type="Decal" parent="CorruptedZone01/Decals"]
transform = Transform3D(-0.991958, -0.0697605, -0.105605, -0.0761839, 0.995402, 0.05806, 0.101069, 0.0656386, -0.992712, -30.3415, 0.502728, 12.5321)
size = Vector3(21.1808, 2, 10.4518)
texture_albedo = ExtResource("16_qhhy6")
texture_normal = ExtResource("17_xb7ri")
texture_orm = ExtResource("18_kx44x")

[node name="Decal2" type="Decal" parent="CorruptedZone01/Decals"]
transform = Transform3D(-0.991958, -0.0697605, -0.105605, -0.0761839, 0.995402, 0.05806, 0.101069, 0.0656386, -0.992712, -42.5616, 1.09021, 13.0433)
size = Vector3(21.1808, 2, 10.769)
texture_albedo = ExtResource("16_qhhy6")
texture_normal = ExtResource("17_xb7ri")
texture_orm = ExtResource("18_kx44x")

[node name="Decal3" type="Decal" parent="CorruptedZone01/Decals"]
transform = Transform3D(-0.991958, -0.0697605, -0.105605, -0.0761839, 0.995402, 0.05806, 0.101069, 0.0656386, -0.992712, -57.9282, 1.26518, 9.43267)
size = Vector3(21.1808, 5.04871, 17.7663)
texture_albedo = ExtResource("16_qhhy6")
texture_normal = ExtResource("17_xb7ri")
texture_orm = ExtResource("18_kx44x")

[node name="Decal4" type="Decal" parent="CorruptedZone01/Decals"]
transform = Transform3D(-0.991958, -0.0697605, -0.105605, -0.0761839, 0.995402, 0.05806, 0.101069, 0.0656386, -0.992712, -47.9902, -0.530844, 4.69992)
size = Vector3(21.1808, 5.04871, 17.7663)
texture_albedo = ExtResource("16_qhhy6")
texture_normal = ExtResource("17_xb7ri")
texture_orm = ExtResource("18_kx44x")

[node name="Decal5" type="Decal" parent="CorruptedZone01/Decals"]
transform = Transform3D(-0.991958, -0.0697605, -0.105605, -0.0761839, 0.995402, 0.05806, 0.101069, 0.0656386, -0.992712, -60.2308, -0.530844, -2.673)
size = Vector3(21.1808, 5.04871, 17.7663)
texture_albedo = ExtResource("16_qhhy6")
texture_normal = ExtResource("17_xb7ri")
texture_orm = ExtResource("18_kx44x")

[node name="Decal6" type="Decal" parent="CorruptedZone01/Decals"]
transform = Transform3D(-0.991958, -0.0697605, -0.105605, -0.0761839, 0.995402, 0.05806, 0.101069, 0.0656386, -0.992712, -70.9632, -0.193219, 1.80282)
size = Vector3(24.272, 5.04871, 25.3403)
texture_albedo = ExtResource("16_qhhy6")
texture_normal = ExtResource("17_xb7ri")
texture_orm = ExtResource("18_kx44x")

[node name="Decal7" type="Decal" parent="CorruptedZone01/Decals"]
transform = Transform3D(-0.991958, -0.0697605, -0.105605, -0.0761839, 0.995402, 0.05806, 0.101069, 0.0656386, -0.992712, -74.6252, -0.530844, -5.27501)
size = Vector3(21.1808, 5.04871, 17.7663)
texture_albedo = ExtResource("16_qhhy6")
texture_normal = ExtResource("17_xb7ri")
texture_orm = ExtResource("18_kx44x")

[node name="Decal8" type="Decal" parent="CorruptedZone01/Decals"]
transform = Transform3D(-0.991958, -0.0697605, -0.105605, -0.0761839, 0.995402, 0.05806, 0.101069, 0.0656386, -0.992712, -89.8278, -1.05035, 0.762417)
size = Vector3(30.6303, 5.04871, 17.7663)
texture_albedo = ExtResource("16_qhhy6")
texture_normal = ExtResource("17_xb7ri")
texture_orm = ExtResource("18_kx44x")

[node name="Lighting" type="Node3D" parent="."]
transform = Transform3D(-0.990574, 0, 0.136978, 0, 1, 0, -0.136978, 0, -0.990574, 0, 0, 0)

[node name="DirectionalLight3D" type="DirectionalLight3D" parent="Lighting"]
transform = Transform3D(-0.866025, -0.433013, 0.25, 0, 0.5, 0.866025, -0.5, 0.75, -0.433013, 0, 4.0233, 0)
visible = false
light_angular_distance = 1.5
light_bake_mode = 1
shadow_enabled = true

[node name="WorldEnvironment" type="WorldEnvironment" parent="Lighting"]
environment = SubResource("Environment_sqxud")
camera_attributes = SubResource("CameraAttributesPhysical_jbwu0")

[node name="ReflectionProbe" type="ReflectionProbe" parent="Lighting"]
transform = Transform3D(-0.990574, 0, -0.136978, 0, 1, 0, 0.136978, 0, -0.990574, -0.163281, 1.55015, -1.18078)
visible = false
max_distance = 0.5

[node name="SpotLight3D" type="SpotLight3D" parent="Lighting"]
transform = Transform3D(0.454113, 0.379346, -0.80615, 0.871473, -0.000995338, 0.490442, 0.185245, -0.925255, -0.331042, 356.423, -8.80485, 63.4683)
light_intensity_lumens = 50000.0
light_bake_mode = 1
shadow_enabled = true
spot_range = 16.1888

[node name="Boss01" parent="." instance=ExtResource("27_kx44x")]
transform = Transform3D(1, 0, 0, 0, 1, 0, 0, 0, 1, 204.368, -20.0702, 225.053)

[node name="Label3D" type="Label3D" parent="Boss01"]
transform = Transform3D(1, 0, 0, 0, 1, 0, 0, 0, 1, 0, 1.60285, 0)
billboard = 1
text = "I give DoubleJump
press [E] while near"

[editable path="CorruptedZone01/TrashZoneHandler"]
