[gd_scene load_steps=62 format=4 uid="uid://bb2j14h7dd1qo"]

[ext_resource type="Script" uid="uid://dcqy72d7qx5pq" path="res://addons/proton_scatter/src/scatter.gd" id="1_28xfc"]
[ext_resource type="PackedScene" uid="uid://de2sy05ot418v" path="res://Entities/Player/player.tscn" id="1_jbwu0"]
[ext_resource type="Script" uid="uid://d4fms7oct20m0" path="res://addons/proton_scatter/src/stack/modifier_stack.gd" id="2_3fhqe"]
[ext_resource type="LightmapGIData" uid="uid://0ysxq7gfyis3" path="res://Environment/level_01.lmbake" id="2_sqxud"]
[ext_resource type="Terrain3DAssets" uid="uid://b4mde02r42bwc" path="res://Environment/game_terrain.res" id="2_vwcvh"]
[ext_resource type="Script" uid="uid://b0t7lvqbat86r" path="res://addons/proton_scatter/src/modifiers/base_modifier.gd" id="3_frrha"]
[ext_resource type="Terrain3DMaterial" uid="uid://bc2166nsd4j01" path="res://Environment/game_terrain_mat.tres" id="3_m6yk8"]
[ext_resource type="Script" uid="uid://8lx1whd0imd7" path="res://addons/proton_scatter/src/modifiers/create_inside_random.gd" id="4_8mltw"]
[ext_resource type="Script" uid="uid://n3mslu5lkatv" path="res://addons/proton_scatter/src/modifiers/randomize_transforms.gd" id="5_imund"]
[ext_resource type="PackedScene" uid="uid://b1gpr016q5nlc" path="res://Environment/Trash_Zone/Trash_Zone_Handler/trash_zone_handler.tscn" id="5_vwcvh"]
[ext_resource type="Script" uid="uid://gdh26esjas1n" path="res://addons/proton_scatter/src/modifiers/relax.gd" id="6_j1atk"]
[ext_resource type="PackedScene" uid="uid://cprdlxpgmmxr1" path="res://Environment/Seed/seed.tscn" id="6_v2tia"]
[ext_resource type="PackedScene" uid="uid://q4nrk4l1g0ur" path="res://Environment/Seed_Pot/seed_pot.tscn" id="7_2we3s"]
[ext_resource type="Script" uid="uid://dsx6n45unx0x" path="res://addons/proton_scatter/src/modifiers/project_on_geometry.gd" id="7_k0at2"]
[ext_resource type="Script" uid="uid://ujqv73sq43gg" path="res://addons/proton_scatter/src/scatter_item.gd" id="8_bqcvc"]
[ext_resource type="Script" uid="uid://c0mvhdi13fdm1" path="res://addons/proton_scatter/src/scatter_shape.gd" id="9_qhhy6"]
[ext_resource type="Script" uid="uid://lu4gs2di20lx" path="res://addons/proton_scatter/src/shapes/sphere_shape.gd" id="10_xb7ri"]
[ext_resource type="Script" uid="uid://cvkvog5ij3rpo" path="res://Common/Hitbox_Hurtbox/hitbox.gd" id="11_3fhqe"]
[ext_resource type="PackedScene" uid="uid://bb6oitdv71g80" path="res://Common/Meshes/Can.fbx" id="11_j1atk"]
[ext_resource type="Material" uid="uid://diaprec3c05me" path="res://Environment/Materials/WaterMat.tres" id="15_k0at2"]
[ext_resource type="Texture2D" uid="uid://dwf2yfdjh8syg" path="res://Common/Materials/Textures/CorruptionDecal_AlbedoAlpha.png" id="16_qhhy6"]
[ext_resource type="PackedScene" uid="uid://0wayw1harj11" path="res://Common/Meshes/cave.tscn" id="17_ro0nm"]
[ext_resource type="Texture2D" uid="uid://c14rdjpjamomv" path="res://Common/Materials/Textures/CorruptionDecal_normal.png" id="17_xb7ri"]
[ext_resource type="Texture2D" uid="uid://byckm38knpsni" path="res://Common/Materials/Textures/CorruptionDecal_ORM.png" id="18_kx44x"]
[ext_resource type="Material" uid="uid://lnx2g8su7k1n" path="res://Environment/Materials/BlockerBlack.tres" id="19_ro0nm"]
[ext_resource type="PackedScene" uid="uid://dsvbdy7ucqoka" path="res://Environment/Trash_Zone/Trash_Zone_Core/Trash_Zone_Core.tscn" id="20_5eqnq"]
[ext_resource type="PackedScene" uid="uid://txw653u8glk6" path="res://Common/Meshes/Bottle_Water.fbx" id="21_bqcvc"]
[ext_resource type="PackedScene" uid="uid://fjqlo0uoiran" path="res://Common/Meshes/Bottle_Wine.fbx" id="22_j1atk"]
[ext_resource type="PackedScene" uid="uid://bqshii1otgs3" path="res://Entities/Boss_01/boss_01.tscn" id="27_kx44x"]
[ext_resource type="PackedScene" uid="uid://cjanlvilmqhyb" path="res://Common/Meshes/tree_01.tscn" id="29_nphhr"]
[ext_resource type="AudioStream" uid="uid://dd2ldtrgwbois" path="res://TGC_Corruption_2.ogg" id="29_pw61q"]
[ext_resource type="PackedScene" uid="uid://bvx2j0q7tg6cu" path="res://Entities/Boss_02/Boss_02.tscn" id="30_4dlj8"]
[ext_resource type="AudioStream" uid="uid://ci5ydn8qao3xo" path="res://TGC_The_Source_2.ogg" id="30_l4em3"]
[ext_resource type="PackedScene" uid="uid://ur4ttq22kqcs" path="res://Entities/Boss_03/Boss_03.tscn" id="31_5eqnq"]
[ext_resource type="PackedScene" uid="uid://b6lym7qtblacl" path="res://Common/Meshes/seed_pot.tscn" id="35_pw61q"]

[sub_resource type="Resource" id="Resource_buykt"]
script = ExtResource("4_8mltw")
amount = 75
enabled = true
override_global_seed = false
custom_seed = 0
restrict_height = true
reference_frame = 1

[sub_resource type="Resource" id="Resource_pw61q"]
script = ExtResource("5_imund")
position = Vector3(0.15, 0.15, 0.15)
rotation = Vector3(20, 360, 20)
scale = Vector3(0.1, 0.1, 0.1)
enabled = true
override_global_seed = false
custom_seed = 0
restrict_height = false
reference_frame = 2

[sub_resource type="Resource" id="Resource_l4em3"]
script = ExtResource("6_j1atk")
iterations = 3
offset_step = 0.2
consecutive_step_multiplier = 0.75
use_computeshader = true
enabled = true
override_global_seed = false
custom_seed = 0
restrict_height = true
reference_frame = 0

[sub_resource type="Resource" id="Resource_gl6ne"]
script = ExtResource("7_k0at2")
ray_direction = Vector3(0, -1, 0)
ray_length = 5.0
ray_offset = 5.0
remove_points_on_miss = false
align_with_collision_normal = false
max_slope = 90.0
collision_mask = 1
exclude_mask = 0
enabled = true
override_global_seed = false
custom_seed = 0
restrict_height = false
reference_frame = 0

[sub_resource type="Resource" id="Resource_5woh1"]
script = ExtResource("2_3fhqe")
stack = Array[ExtResource("3_frrha")]([SubResource("Resource_buykt"), SubResource("Resource_pw61q"), SubResource("Resource_l4em3"), SubResource("Resource_gl6ne")])

[sub_resource type="Resource" id="Resource_g8bsm"]
script = ExtResource("10_xb7ri")
radius = 4.60284

[sub_resource type="ArrayMesh" id="ArrayMesh_6wqw5"]
_surfaces = [{
"aabb": AABB(-2.60541, -6.09925, -2.5, 5.21082, 12.1985, 5),
"attribute_data": PackedByteArray("AACAPwAAgD8AAIA/AAAAAAAAAAAAAAAAAACAPwAAgD8AAIA/AAAAAAAAAAAAAAAAAACAPwAAgD8AAIA/AAAAAAAAAAAAAAAAAAAAAAAAAAAAAAAAAACAPwAAgD8AAIA/AACAPwAAgD8AAIA/AAAAAAAAAAAAAAAAAAAAAAAAAAAAAAAAAACAPwAAgD8AAIA/AAAAAAAAAAAAAAAAAACAPwAAgD8AAIA/AAAAAAAAAAAAAAAAAACAPwAAgD8AAIA/AACAPwAAgD8AAIA/AAAAAAAAAAAAAAAAAAAAAAAAAAAAAAAAAACAPwAAgD8AAIA/AACAPwAAgD8AAIA/AAAAAAAAAAAAAAAAAAAAAAAAAAAAAAAAAACAPwAAgD8AAIA/"),
"format": 34359738391,
"primitive": 3,
"uv_scale": Vector4(0, 0, 0, 0),
"vertex_count": 36,
"vertex_data": PackedByteArray("Cr8mwA4tw8AAACBACr8mwA4tw8AAACDACr8mwA4tw0AAACDACr8mQA4tw8AAACDACr8mwA4tw8AAACDACr8mwA4tw8AAACBACr8mwA4tw0AAACDACr8mwA4tw8AAACDACr8mQA4tw8AAACDACr8mwA4tw0AAACDACr8mwA4tw0AAACBACr8mwA4tw8AAACBACr8mwA4tw8AAACBACr8mwA4tw0AAACBACr8mQA4tw0AAACBACr8mQA4tw0AAACBACr8mwA4tw0AAACBACr8mwA4tw0AAACDACr8mwA4tw8AAACBACr8mQA4tw8AAACBACr8mQA4tw8AAACDACr8mQA4tw0AAACBACr8mQA4tw8AAACBACr8mwA4tw8AAACBACr8mQA4tw8AAACDACr8mQA4tw8AAACBACr8mQA4tw0AAACBACr8mQA4tw8AAACDACr8mQA4tw0AAACDACr8mwA4tw0AAACDACr8mwA4tw0AAACDACr8mQA4tw0AAACDACr8mQA4tw0AAACBACr8mQA4tw0AAACBACr8mQA4tw0AAACDACr8mQA4tw8AAACDAAAD/f/9//n8AAP9//3/+fwAA/3//f/5//38AAP//AAD/fwAA//8AAP9/AAD//wAA/////wAA/z//////AAD/P/////8AAP8/AAD/f/9//n8AAP9//3/+fwAA/3//f/5//3//fwAA/z//f/9/AAD/P/9//38AAP8//3//////AAD/f/////8AAP9//////wAA/38AAP//AAD/fwAA//8AAP9/AAD//wAA/3//fwAA/z//f/9/AAD/P/9//38AAP8/////f/9//n////9//3/+f////3//f/5//////wAA/z//////AAD/P/////8AAP8//3//////AAD/f/////8AAP9//////wAA////f/9//n////9//3/+f////3//f/5/")
}]

[sub_resource type="ArrayMesh" id="ArrayMesh_4dlj8"]
_surfaces = [{
"aabb": AABB(-2.82031, -6.2312, -2.5, 5.64063, 12.4624, 5),
"attribute_data": PackedByteArray("AACAPwAAgD8AAIA/AAAAAAAAAAAAAAAAAACAPwAAgD8AAIA/AAAAAAAAAAAAAAAAAACAPwAAgD8AAIA/AAAAAAAAAAAAAAAAAAAAAAAAAAAAAAAAAACAPwAAgD8AAIA/AACAPwAAgD8AAIA/AAAAAAAAAAAAAAAAAAAAAAAAAAAAAAAAAACAPwAAgD8AAIA/AAAAAAAAAAAAAAAAAACAPwAAgD8AAIA/AAAAAAAAAAAAAAAAAACAPwAAgD8AAIA/AACAPwAAgD8AAIA/AAAAAAAAAAAAAAAAAAAAAAAAAAAAAAAAAACAPwAAgD8AAIA/AACAPwAAgD8AAIA/AAAAAAAAAAAAAAAAAAAAAAAAAAAAAAAAAACAPwAAgD8AAIA/"),
"format": 34359738391,
"primitive": 3,
"uv_scale": Vector4(0, 0, 0, 0),
"vertex_count": 36,
"vertex_data": PackedByteArray("CoA0wP5lx8AAACBACoA0wP5lx8AAACDACoA0wP5lx0AAACDACoA0QP5lx8AAACDACoA0wP5lx8AAACDACoA0wP5lx8AAACBACoA0wP5lx0AAACDACoA0wP5lx8AAACDACoA0QP5lx8AAACDACoA0wP5lx0AAACDACoA0wP5lx0AAACBACoA0wP5lx8AAACBACoA0wP5lx8AAACBACoA0wP5lx0AAACBACoA0QP5lx0AAACBACoA0QP5lx0AAACBACoA0wP5lx0AAACBACoA0wP5lx0AAACDACoA0wP5lx8AAACBACoA0QP5lx8AAACBACoA0QP5lx8AAACDACoA0QP5lx0AAACBACoA0QP5lx8AAACBACoA0wP5lx8AAACBACoA0QP5lx8AAACDACoA0QP5lx8AAACBACoA0QP5lx0AAACBACoA0QP5lx8AAACDACoA0QP5lx0AAACDACoA0wP5lx0AAACDACoA0wP5lx0AAACDACoA0QP5lx0AAACDACoA0QP5lx0AAACBACoA0QP5lx0AAACBACoA0QP5lx0AAACDACoA0QP5lx8AAACDAAAD/f/9//n8AAP9//3/+fwAA/3//f/5//38AAP//AAD/fwAA//8AAP9/AAD//wAA/////wAA/z//////AAD/P/////8AAP8/AAD/f/9//n8AAP9//3/+fwAA/3//f/5//3//fwAA/z//f/9/AAD/P/9//38AAP8//3//////AAD/f/////8AAP9//////wAA/38AAP//AAD/fwAA//8AAP9/AAD//wAA/3//fwAA/z//f/9/AAD/P/9//38AAP8/////f/9//n////9//3/+f////3//f/5//////wAA/z//////AAD/P/////8AAP8//3//////AAD/f/////8AAP9//////wAA////f/9//n////9//3/+f////3//f/5/")
}]

[sub_resource type="ArrayMesh" id="ArrayMesh_5eqnq"]
_surfaces = [{
"aabb": AABB(-7.68065, -10.4692, -6.19755, 15.3613, 20.9385, 12.3951),
"attribute_data": PackedByteArray("AACAPwAAgD8AAIA/AAAAAAAAAAAAAAAAAACAPwAAgD8AAIA/AAAAAAAAAAAAAAAAAACAPwAAgD8AAIA/AAAAAAAAAAAAAAAAAAAAAAAAAAAAAAAAAACAPwAAgD8AAIA/AACAPwAAgD8AAIA/AAAAAAAAAAAAAAAAAAAAAAAAAAAAAAAAAACAPwAAgD8AAIA/AAAAAAAAAAAAAAAAAACAPwAAgD8AAIA/AAAAAAAAAAAAAAAAAACAPwAAgD8AAIA/AACAPwAAgD8AAIA/AAAAAAAAAAAAAAAAAAAAAAAAAAAAAAAAAACAPwAAgD8AAIA/AACAPwAAgD8AAIA/AAAAAAAAAAAAAAAAAAAAAAAAAAAAAAAAAACAPwAAgD8AAIA/"),
"format": 34359738391,
"primitive": 3,
"uv_scale": Vector4(0, 0, 0, 0),
"vertex_count": 36,
"vertex_data": PackedByteArray("48f1wACCJ8FUUsZA48f1wACCJ8FUUsbA48f1wACCJ0FUUsbA48f1QACCJ8FUUsbA48f1wACCJ8FUUsbA48f1wACCJ8FUUsZA48f1wACCJ0FUUsbA48f1wACCJ8FUUsbA48f1QACCJ8FUUsbA48f1wACCJ0FUUsbA48f1wACCJ0FUUsZA48f1wACCJ8FUUsZA48f1wACCJ8FUUsZA48f1wACCJ0FUUsZA48f1QACCJ0FUUsZA48f1QACCJ0FUUsZA48f1wACCJ0FUUsZA48f1wACCJ0FUUsbA48f1wACCJ8FUUsZA48f1QACCJ8FUUsZA48f1QACCJ8FUUsbA48f1QACCJ0FUUsZA48f1QACCJ8FUUsZA48f1wACCJ8FUUsZA48f1QACCJ8FUUsbA48f1QACCJ8FUUsZA48f1QACCJ0FUUsZA48f1QACCJ8FUUsbA48f1QACCJ0FUUsbA48f1wACCJ0FUUsbA48f1wACCJ0FUUsbA48f1QACCJ0FUUsbA48f1QACCJ0FUUsZA48f1QACCJ0FUUsZA48f1QACCJ0FUUsbA48f1QACCJ8FUUsbAAAD/f/9//n8AAP9//3/+fwAA/3//f/5//38AAP//AAD/fwAA//8AAP9/AAD//wAA/////wAA/z//////AAD/P/////8AAP8/AAD/f/9//n8AAP9//3/+fwAA/3//f/5//3//fwAA/z//f/9/AAD/P/9//38AAP8//3//////AAD/f/////8AAP9//////wAA/38AAP//AAD/fwAA//8AAP9/AAD//wAA/3//fwAA/z//f/9/AAD/P/9//38AAP8/////f/9//n////9//3/+f////3//f/5//////wAA/z//////AAD/P/////8AAP8//3//////AAD/f/////8AAP9//////wAA////f/9//n////9//3/+f////3//f/5/")
}]

[sub_resource type="ArrayMesh" id="ArrayMesh_nphhr"]
_surfaces = [{
"aabb": AABB(-2.27295, -9.5, -6.19755, 4.5459, 19, 12.3951),
"attribute_data": PackedByteArray("AACAPwAAgD8AAIA/AAAAAAAAAAAAAAAAAACAPwAAgD8AAIA/AAAAAAAAAAAAAAAAAACAPwAAgD8AAIA/AAAAAAAAAAAAAAAAAAAAAAAAAAAAAAAAAACAPwAAgD8AAIA/AACAPwAAgD8AAIA/AAAAAAAAAAAAAAAAAAAAAAAAAAAAAAAAAACAPwAAgD8AAIA/AAAAAAAAAAAAAAAAAACAPwAAgD8AAIA/AAAAAAAAAAAAAAAAAACAPwAAgD8AAIA/AACAPwAAgD8AAIA/AAAAAAAAAAAAAAAAAAAAAAAAAAAAAAAAAACAPwAAgD8AAIA/AACAPwAAgD8AAIA/AAAAAAAAAAAAAAAAAAAAAAAAAAAAAAAAAACAPwAAgD8AAIA/"),
"format": 34359738391,
"primitive": 3,
"uv_scale": Vector4(0, 0, 0, 0),
"vertex_count": 36,
"vertex_data": PackedByteArray("A3gRwAAAGMFUUsZAA3gRwAAAGMFUUsbAA3gRwAAAGEFUUsbAA3gRQAAAGMFUUsbAA3gRwAAAGMFUUsbAA3gRwAAAGMFUUsZAA3gRwAAAGEFUUsbAA3gRwAAAGMFUUsbAA3gRQAAAGMFUUsbAA3gRwAAAGEFUUsbAA3gRwAAAGEFUUsZAA3gRwAAAGMFUUsZAA3gRwAAAGMFUUsZAA3gRwAAAGEFUUsZAA3gRQAAAGEFUUsZAA3gRQAAAGEFUUsZAA3gRwAAAGEFUUsZAA3gRwAAAGEFUUsbAA3gRwAAAGMFUUsZAA3gRQAAAGMFUUsZAA3gRQAAAGMFUUsbAA3gRQAAAGEFUUsZAA3gRQAAAGMFUUsZAA3gRwAAAGMFUUsZAA3gRQAAAGMFUUsbAA3gRQAAAGMFUUsZAA3gRQAAAGEFUUsZAA3gRQAAAGMFUUsbAA3gRQAAAGEFUUsbAA3gRwAAAGEFUUsbAA3gRwAAAGEFUUsbAA3gRQAAAGEFUUsbAA3gRQAAAGEFUUsZAA3gRQAAAGEFUUsZAA3gRQAAAGEFUUsbAA3gRQAAAGMFUUsbAAAD/f/9//n8AAP9//3/+fwAA/3//f/5//38AAP//AAD/fwAA//8AAP9/AAD//wAA/////wAA/z//////AAD/P/////8AAP8/AAD/f/9//n8AAP9//3/+fwAA/3//f/5//3//fwAA/z//f/9/AAD/P/9//38AAP8//3//////AAD/f/////8AAP9//////wAA/38AAP//AAD/fwAA//8AAP9/AAD//wAA/3//fwAA/z//f/9/AAD/P/9//38AAP8/////f/9//n////9//3/+f////3//f/5//////wAA/z//////AAD/P/////8AAP8//3//////AAD/f/////8AAP9//////wAA////f/9//n////9//3/+f////3//f/5/")
}]

[sub_resource type="PlaneMesh" id="PlaneMesh_vwcvh"]
material = ExtResource("15_k0at2")
size = Vector2(1000, 1000)

[sub_resource type="PlaneMesh" id="PlaneMesh_4dlj8"]
material = ExtResource("15_k0at2")
size = Vector2(50, 166.265)

[sub_resource type="PlaneMesh" id="PlaneMesh_5eqnq"]
material = ExtResource("15_k0at2")
size = Vector2(50, 50)

[sub_resource type="BoxShape3D" id="BoxShape3D_frrha"]
size = Vector3(763.505, 5, 869.169)

[sub_resource type="BoxMesh" id="BoxMesh_6wqw5"]
lightmap_size_hint = Vector2i(633, 453)
material = ExtResource("19_ro0nm")
add_uv2 = true
size = Vector3(83.06, 3.215, 42.84)

[sub_resource type="BoxMesh" id="BoxMesh_4dlj8"]
lightmap_size_hint = Vector2i(620, 413)
material = ExtResource("19_ro0nm")
add_uv2 = true
size = Vector3(73.34, 4.075, 50.04)

[sub_resource type="CameraAttributesPhysical" id="CameraAttributesPhysical_buykt"]
auto_exposure_min_exposure_value = -3.0
auto_exposure_max_exposure_value = 4.0

[sub_resource type="ProceduralSkyMaterial" id="ProceduralSkyMaterial_jbwu0"]
sky_top_color = Color(0.544964, 0.658842, 0.796344, 1)
sky_horizon_color = Color(0.698733, 0.701203, 0.790032, 1)
sky_curve = 0.0803829
ground_horizon_color = Color(0.698733, 0.701203, 0.790032, 1)
sun_curve = 0.0247408

[sub_resource type="Sky" id="Sky_sqxud"]
sky_material = SubResource("ProceduralSkyMaterial_jbwu0")

[sub_resource type="Environment" id="Environment_sqxud"]
background_mode = 2
sky = SubResource("Sky_sqxud")
tonemap_mode = 3
ssr_enabled = true
sdfgi_enabled = true
glow_enabled = true
volumetric_fog_density = 0.005
volumetric_fog_albedo = Color(0.700199, 0.86386, 0.756858, 1)

[sub_resource type="CameraAttributesPhysical" id="CameraAttributesPhysical_jbwu0"]
auto_exposure_enabled = true
auto_exposure_min_exposure_value = -3.0
auto_exposure_max_exposure_value = 12.0

[sub_resource type="BoxShape3D" id="BoxShape3D_buykt"]
size = Vector3(51.9338, 5.80078, 47.7814)

[sub_resource type="BoxShape3D" id="BoxShape3D_8w78v"]
size = Vector3(57.3196, 10.2119, 47.7479)

[sub_resource type="BoxShape3D" id="BoxShape3D_pw61q"]
size = Vector3(38.2788, 10, 69.6384)

[sub_resource type="BoxShape3D" id="BoxShape3D_l4em3"]

[sub_resource type="SphereShape3D" id="SphereShape3D_v2tia"]

[node name="Level01" type="Node3D"]

[node name="WorldGeometry" type="Node3D" parent="."]
metadata/_edit_lock_ = true

[node name="Terrain3D" type="Terrain3D" parent="WorldGeometry"]
data_directory = "res://Environment/GameTerrain"
material = ExtResource("3_m6yk8")
assets = ExtResource("2_vwcvh")
top_level = true
metadata/_edit_lock_ = true

[node name="ScatterMeshes" type="Node3D" parent="WorldGeometry"]

[node name="ProtonScatter" type="Node3D" parent="WorldGeometry/ScatterMeshes"]
transform = Transform3D(1, 0, 0, 0, 1, 0, 0, 0, 1, 32.6338, 2.61362, -28.8726)
script = ExtResource("1_28xfc")
modifier_stack = SubResource("Resource_5woh1")
Performance/use_chunks = true
Performance/chunk_dimensions = Vector3(15, 15, 15)
metadata/_custom_type_script = "uid://dcqy72d7qx5pq"

[node name="ScatterItem" type="Node3D" parent="WorldGeometry/ScatterMeshes/ProtonScatter"]
script = ExtResource("8_bqcvc")
path = "uid://bb6oitdv71g80"

[node name="ScatterShape" type="Node3D" parent="WorldGeometry/ScatterMeshes/ProtonScatter"]
transform = Transform3D(1, 0, -2.98023e-08, 0, 1, 0, 2.98023e-08, 0, 1, -3.76498, -0.558545, 43.4987)
script = ExtResource("9_qhhy6")
shape = SubResource("Resource_g8bsm")

[node name="Can" parent="WorldGeometry/ScatterMeshes/ProtonScatter" instance=ExtResource("11_j1atk")]
transform = Transform3D(1, 0, 0, 0, 1, 0, 0, 0, 1, -9.34394, -1.8421, 42.5334)

[node name="Markers" type="Node3D" parent="WorldGeometry/ScatterMeshes"]
visible = false

[node name="Hub_CSG" type="CSGBox3D" parent="WorldGeometry/ScatterMeshes/Markers"]
transform = Transform3D(1, 0, 0, 0, 1, 0, 0, 0, 1, 26.764, 50, 0)
size = Vector3(10, 100, 10)

[node name="Mountains_CSG" type="CSGBox3D" parent="WorldGeometry/ScatterMeshes/Markers"]
transform = Transform3D(1, 0, 0, 0, 1, 0, 0, 0, 1, -18.567, 150, -250)
size = Vector3(10, 100, 10)

[node name="Swamp_CSG" type="CSGBox3D" parent="WorldGeometry/ScatterMeshes/Markers"]
transform = Transform3D(1, 0, 0, 0, 1, 0, 0, 0, 1, 356.837, 23.3997, 455.861)
size = Vector3(10, 100, 10)

[node name="Factory_CSG" type="CSGBox3D" parent="WorldGeometry/ScatterMeshes/Markers"]
transform = Transform3D(1, 0, 0, 0, 1, 0, 0, 0, 1, -227.945, 50.528, 271.803)
size = Vector3(10, 100, 10)

[node name="Houses" type="Node3D" parent="WorldGeometry"]
transform = Transform3D(0.755979, 0, -0.654596, 0, 1, 0, 0.654596, 0, 0.755979, -121.723, 1.80699, 217.999)

[node name="House_CSG_01" type="CSGBox3D" parent="WorldGeometry/Houses"]
transform = Transform3D(1, 0, 2.98023e-08, 0, 1, 0, -2.98023e-08, 0, 1, 0, 0, 0)
size = Vector3(10, 4, 8)

[node name="House_CSG_02" type="CSGBox3D" parent="WorldGeometry/Houses"]
transform = Transform3D(1, 0, 2.98023e-08, 0, 1, 0, -2.98023e-08, 0, 1, 0.0570679, 0, 14.6031)
size = Vector3(10, 4, 8)

[node name="House_CSG_03" type="CSGBox3D" parent="WorldGeometry/Houses"]
transform = Transform3D(1, 0, 2.98023e-08, 0, 1, 0, -2.98023e-08, 0, 1, 0.877533, 0, -15.5235)
size = Vector3(10, 4, 8)

[node name="House_CSG_04" type="CSGBox3D" parent="WorldGeometry/Houses"]
transform = Transform3D(1, 0, 2.98023e-08, 0, 1, 0, -2.98023e-08, 0, 1, 28.5867, 0, -14.8307)
size = Vector3(10, 4, 8)

[node name="House_CSG_05" type="CSGBox3D" parent="WorldGeometry/Houses"]
transform = Transform3D(1, 0, 2.98023e-08, 0, 1, 0, -2.98023e-08, 0, 1, 30.0449, 0, 1.22063)
size = Vector3(10, 4, 8)

[node name="House_CSG_06" type="CSGBox3D" parent="WorldGeometry/Houses"]
transform = Transform3D(1, 0, 2.98023e-08, 0, 1, 0, -2.98023e-08, 0, 1, 29.713, 0, 15.2451)
size = Vector3(10, 4, 8)

[node name="Factory" type="Node3D" parent="WorldGeometry"]
transform = Transform3D(0.827953, 0, 0.560798, 0, 1, 0, -0.560798, 0, 0.827953, -263.204, 15.0609, 253.163)

[node name="House_CSG_07" type="CSGBox3D" parent="WorldGeometry/Factory"]
transform = Transform3D(1, 0, -2.98023e-08, 0, 1, 0, 2.98023e-08, 0, 1, 0, 0, 0)
size = Vector3(50, 31, 50)

[node name="House_CSG_15" type="CSGBox3D" parent="WorldGeometry/Factory"]
transform = Transform3D(1, 0, -2.98023e-08, 0, 1, 0, 2.98023e-08, 0, 1, 16.9055, 17, -35.6776)
size = Vector3(5, 65, 5)

[node name="House_CSG_16" type="CSGBox3D" parent="WorldGeometry/Factory"]
transform = Transform3D(1, 0, -2.98023e-08, 0, 1, 0, 2.98023e-08, 0, 1, -1.68112, 17, -33.8519)
size = Vector3(5, 65, 5)

[node name="Bridge" type="Node3D" parent="WorldGeometry"]
transform = Transform3D(0.654596, 0, 0.755979, 0, 1, 0, -0.755979, 0, 0.654596, -56.8985, 0.30699, 85.0624)

[node name="House_CSG_08" type="CSGBox3D" parent="WorldGeometry/Bridge"]
transform = Transform3D(1, 0, 2.98023e-08, 0, 1, 0, -2.98023e-08, 0, 1, 0, 0, 0)
size = Vector3(27, 1, 8)

[node name="House_CSG_11" type="CSGBox3D" parent="WorldGeometry/Bridge"]
transform = Transform3D(0.999608, 0.0197484, 0.0198324, -0.0193052, 0.999565, -0.0222952, -0.0202646, 0.0219036, 0.999555, 9.95982, 3.39202, 5.54175)
size = Vector3(2, 7.34875, 2)

[node name="House_CSG_12" type="CSGBox3D" parent="WorldGeometry/Bridge"]
transform = Transform3D(0.999608, 0.0197484, 0.0198324, -0.0193052, 0.999565, -0.0222952, -0.0202646, 0.0219036, 0.999555, 9.53502, 3.51794, -5.29338)
size = Vector3(2, 7.60071, 2)

[node name="House_CSG_13" type="CSGBox3D" parent="WorldGeometry/Bridge"]
transform = Transform3D(0.999608, 0.0197484, 0.0198324, -0.0193052, 0.999565, -0.0222952, -0.0202646, 0.0219036, 0.999555, 88.2162, 3.39202, 5.81576)
size = Vector3(2, 7.34875, 2)

[node name="House_CSG_14" type="CSGBox3D" parent="WorldGeometry/Bridge"]
transform = Transform3D(0.999608, 0.0197484, 0.0198324, -0.0193052, 0.999565, -0.0222952, -0.0202646, 0.0219036, 0.999555, 87.7913, 3.51794, -5.01927)
size = Vector3(2, 7.60071, 2)

[node name="House_CSG_09" type="CSGBox3D" parent="WorldGeometry/Bridge"]
transform = Transform3D(0.50785, 0.837609, 0.201246, -0.822029, 0.541061, -0.177542, -0.257598, -0.0752656, 0.963316, 26.3024, -17.4646, -8.3614)
size = Vector3(30, 1, 8)

[node name="House_CSG_10" type="CSGBox3D" parent="WorldGeometry/Bridge"]
transform = Transform3D(0.512336, -0.823679, -0.243034, 0.844025, 0.535189, -0.0345635, 0.158539, -0.187419, 0.969401, 67.929, -20.1073, -6.60763)
size = Vector3(30, 1, 8)

[node name="CaveEntrance" type="Node3D" parent="WorldGeometry"]
transform = Transform3D(-0.436629, 0, -0.899642, 0, 1, 0, 0.899642, 0, -0.436629, -257.921, 5.67504, -27.0709)

[node name="House_CSG_17" type="CSGBox3D" parent="WorldGeometry/CaveEntrance"]
use_collision = true
size = Vector3(5.21082, 12.1985, 5)

[node name="CSGBakedMeshInstance3D2" type="MeshInstance3D" parent="WorldGeometry/CaveEntrance"]
mesh = SubResource("ArrayMesh_6wqw5")

[node name="House_CSG_18" type="CSGBox3D" parent="WorldGeometry/CaveEntrance"]
transform = Transform3D(1, 0, 0, 0, 1, 0, 0, 0, 1, -11.4164, 0.11707, -0.234161)
use_collision = true
size = Vector3(5.64063, 12.4624, 5)

[node name="CSGBakedMeshInstance3D3" type="MeshInstance3D" parent="WorldGeometry/CaveEntrance"]
transform = Transform3D(1, 0, 0, 0, 1, 0, 0, 0, 1, -11.4164, 0.11707, -0.234161)
mesh = SubResource("ArrayMesh_4dlj8")

[node name="House_CSG_19" type="CSGBox3D" parent="WorldGeometry/CaveEntrance"]
transform = Transform3D(0.00513927, 0.997426, -0.0715054, -0.997427, -4.04228e-08, -0.0716888, -0.0715044, 0.0716893, 0.99486, -5.84544, 9.68962, 0.99118)
use_collision = true
size = Vector3(15.3613, 20.9385, 12.3951)

[node name="CSGBakedMeshInstance3D" type="MeshInstance3D" parent="WorldGeometry/CaveEntrance"]
transform = Transform3D(0.00513927, 0.997426, -0.0715054, -0.997427, -4.04228e-08, -0.0716888, -0.0715044, 0.0716893, 0.99486, -5.84544, 9.68962, 0.99118)
mesh = SubResource("ArrayMesh_5eqnq")

[node name="House_CSG_20" type="CSGBox3D" parent="WorldGeometry/CaveEntrance"]
transform = Transform3D(0.00513927, 0.997426, -0.0715052, -0.997427, -4.04228e-08, -0.0716888, -0.0715044, 0.0716893, 0.99486, -5.83598, -7.53911, 1.41736)
use_collision = true
size = Vector3(4.5459, 19, 12.3951)

[node name="CSGBakedMeshInstance3D4" type="MeshInstance3D" parent="WorldGeometry/CaveEntrance"]
transform = Transform3D(0.00513927, 0.997426, -0.0715052, -0.997427, -4.04228e-08, -0.0716888, -0.0715044, 0.0716893, 0.99486, -5.83598, -7.53911, 1.41736)
mesh = SubResource("ArrayMesh_nphhr")

[node name="Water" type="Node3D" parent="WorldGeometry"]
transform = Transform3D(1, 0, 0, 0, 1, 0, 0, 0, 1, 288.981, -27.6852, 267.854)

[node name="Water_Mesh" type="MeshInstance3D" parent="WorldGeometry/Water"]
mesh = SubResource("PlaneMesh_vwcvh")
skeleton = NodePath("../../..")

[node name="Water_Mesh2" type="MeshInstance3D" parent="WorldGeometry/Water"]
transform = Transform3D(0.866025, -0.5, 2.18557e-08, 0, -4.37114e-08, -1, 0.5, 0.866025, -3.78552e-08, -318.644, 60.0781, -439.232)
mesh = SubResource("PlaneMesh_4dlj8")
skeleton = NodePath("../../..")

[node name="Water_Mesh3" type="MeshInstance3D" parent="WorldGeometry/Water"]
transform = Transform3D(0.866025, 0, -0.5, 0, 1, 0, 0.5, 0, 0.866025, -306.2, 143.271, -460.512)
mesh = SubResource("PlaneMesh_5eqnq")
skeleton = NodePath("../../..")

[node name="WaterKillBox" type="Area3D" parent="WorldGeometry/Water"]
transform = Transform3D(1, 0, 0, 0, 1, 0, 0, 0, 1, -288.981, 27.6852, -267.854)
collision_layer = 0
collision_mask = 3
script = ExtResource("11_3fhqe")
value = -1000.0
metadata/_custom_type_script = "uid://cvkvog5ij3rpo"

[node name="CollisionShape3D" type="CollisionShape3D" parent="WorldGeometry/Water/WaterKillBox"]
transform = Transform3D(1, 0, 0, 0, 1, 0, 0, 0, 1, 252.7, -34.8581, 149.624)
shape = SubResource("BoxShape3D_frrha")

[node name="Ramps" type="Node3D" parent="WorldGeometry"]
transform = Transform3D(1, 0, 0, 0, 1, 0, 0, 0, 1, 288.981, -27.6852, 267.854)

[node name="CSGBox3D3" type="CSGBox3D" parent="WorldGeometry/Ramps"]
transform = Transform3D(0.933013, 0.25, 0.258819, -0.258819, 0.965926, 0, -0.25, -0.0669873, 0.965926, -75.34, 43.9522, -354.213)
use_collision = true
size = Vector3(16, 0.5, 9.30127)

[node name="CSGBox3D4" type="CSGBox3D" parent="WorldGeometry/Ramps"]
transform = Transform3D(0.965926, 0, -0.258819, 0, 1, 0, 0.258819, 0, 0.965926, -73.09, 33.0397, -346.948)
size = Vector3(2, 2, 2)

[node name="CSGBox3D2" type="CSGBox3D" parent="WorldGeometry/Ramps"]
transform = Transform3D(0.965926, 0, 0.258819, 0, 1, 0, -0.258819, 0, 0.965926, -62.741, 38.1386, -358.249)
use_collision = true
size = Vector3(4, 0.5, 10.6592)

[node name="CSGBox3D6" type="CSGBox3D" parent="WorldGeometry/Ramps"]
transform = Transform3D(0.836516, -0.482963, 0.258819, 0.5, 0.866025, 0, -0.224144, 0.12941, 0.965926, -70.428, 52.796, -352.785)
use_collision = true
size = Vector3(16, 0.5, 4)

[node name="CSGBox3D7" type="CSGBox3D" parent="WorldGeometry/Ramps"]
transform = Transform3D(0.965926, 0, 0.258819, 0, 1, 0, -0.258819, 0, 0.965926, -63.17, 56.7752, -359.848)
use_collision = true
size = Vector3(4, 0.5, 13.9712)

[node name="CSGBox3D5" type="CSGBox3D" parent="WorldGeometry/Ramps"]
transform = Transform3D(0.965926, 0, 0.258819, 0, 1, 0, -0.258819, 0, 0.965926, -83.943, 46.0165, -349.121)
use_collision = true
size = Vector3(4, 0.5, 4)

[node name="CSGBox3D8" type="CSGBox3D" parent="WorldGeometry/Ramps"]
transform = Transform3D(0.933013, 0.25, 0.258819, -0.258819, 0.965926, 0, -0.25, -0.0669873, 0.965926, -74.654, 61.4249, -361.679)
use_collision = true
size = Vector3(16, 0.5, 4)

[node name="CSGBox3D9" type="CSGBox3D" parent="WorldGeometry/Ramps"]
transform = Transform3D(0.965926, 0, 0.258819, 0, 1, 0, -0.258819, 0, 0.965926, -88.629, 63.4893, -357.892)
use_collision = true
size = Vector3(13.7021, 0.5, 4)

[node name="CSGBox3D12" type="CSGBox3D" parent="WorldGeometry/Ramps"]
transform = Transform3D(-0.866025, 0.5, -8.74228e-08, 0.5, 0.866025, 0, 7.57103e-08, -4.37114e-08, -1, -125.178, 85.218, -382.093)
use_collision = true
size = Vector3(16, 0.5, 4)

[node name="CSGBox3D13" type="CSGBox3D" parent="WorldGeometry/Ramps"]
transform = Transform3D(-0.965926, -0.258819, -8.74228e-08, -0.258819, 0.965926, -2.42771e-15, 8.05872e-08, 3.70201e-08, -1, -120.803, 93.4101, -382.093)
use_collision = true
size = Vector3(16, 0.5, 4)

[node name="CSGBox3D14" type="CSGBox3D" parent="WorldGeometry/Ramps"]
transform = Transform3D(-1, 0, -8.74228e-08, 0, 1, 0, 8.74228e-08, 0, -1, -134.017, 89.1971, -382.135)
use_collision = true
size = Vector3(4, 0.5, 4)

[node name="CSGBox3D15" type="CSGBox3D" parent="WorldGeometry/Ramps"]
transform = Transform3D(-0.866025, 0.5, -8.74228e-08, 0.5, 0.866025, 0, 7.57103e-08, -4.37114e-08, -1, -125.178, 102.254, -382.093)
use_collision = true
size = Vector3(16, 0.5, 4)

[node name="CSGBox3D16" type="CSGBox3D" parent="WorldGeometry/Ramps"]
transform = Transform3D(-1, 0, -8.74228e-08, 0, 1, 0, 8.74228e-08, 0, -1, -134.017, 106.233, -382.135)
use_collision = true
size = Vector3(4, 0.5, 4)

[node name="CSGBox3D19" type="CSGBox3D" parent="WorldGeometry/Ramps"]
transform = Transform3D(-1, 0, -8.74228e-08, 0, 1, 0, 8.74228e-08, 0, -1, -111.175, 95.4744, -382.135)
use_collision = true
size = Vector3(4, 0.5, 4)

[node name="CSGBox3D18" type="CSGBox3D" parent="WorldGeometry/Ramps"]
transform = Transform3D(-3.83653e-08, -2.57068e-08, 1, -0.258819, 0.965926, -4.85541e-15, -0.965926, -0.258819, -4.37114e-08, -116.01, 79.2114, -391.759)
use_collision = true
size = Vector3(16, 0.5, 4)

[node name="CSGBox3D32" type="CSGBox3D" parent="WorldGeometry/Ramps"]
transform = Transform3D(0.000383929, 0, 1, 0, 1, 0, -1, 0, 0.000383929, -115.968, 81.2757, -382.131)
use_collision = true
size = Vector3(4, 0.5, 4)

[node name="CSGBox3D30" type="CSGBox3D" parent="WorldGeometry/Ramps"]
transform = Transform3D(0.965926, 0.258819, 3.55271e-15, -0.258819, 0.965926, -6.15812e-15, 3.8567e-09, -1.43934e-08, 1, -96.593, 79.1771, -382.005)
use_collision = true
size = Vector3(16, 0.5, 4)

[node name="CSGBox3D33" type="CSGBox3D" parent="WorldGeometry/Ramps"]
transform = Transform3D(1, 0, -0.000383972, 0, 1, 0, 0.000383972, 0, 1, -106.222, 81.2414, -381.964)
use_collision = true
size = Vector3(4, 0.5, 4)

[node name="CSGBox3D34" type="CSGBox3D" parent="WorldGeometry/Ramps"]
transform = Transform3D(-0.965926, -0.258819, 8.9407e-08, -0.258819, 0.965926, 3.33999e-09, -7.45058e-08, 0, -1, -93.699, 70.9447, -381.964)
use_collision = true
size = Vector3(16, 0.5, 4)

[node name="CSGBox3D35" type="CSGBox3D" parent="WorldGeometry/Ramps"]
transform = Transform3D(-1, 0, 0.000384048, 0, 1, 0, -0.000384048, 0, -1, -84.071, 73.0091, -382.005)
use_collision = true
size = Vector3(4, 0.5, 4)

[node name="CSGBox3D20" type="CSGBox3D" parent="WorldGeometry/Ramps"]
transform = Transform3D(-4.47035e-08, 7.45058e-09, -1, -0.258819, 0.965926, 7.1967e-09, 0.965926, 0.258819, -7.45058e-08, -111.376, 116.133, -391.353)
use_collision = true
size = Vector3(16, 0.5, 4)

[node name="CSGBox3D21" type="CSGBox3D" parent="WorldGeometry/Ramps"]
transform = Transform3D(-5.96046e-08, 0, -1, 0, 1, 0, 1, 0, -5.96046e-08, -111.417, 118.197, -400.981)
use_collision = true
size = Vector3(4, 0.5, 4)

[node name="CSGBox3D27" type="CSGBox3D" parent="WorldGeometry/Ramps"]
transform = Transform3D(-0.965926, -0.258819, -8.74228e-08, -0.258819, 0.965926, -2.42771e-15, 8.05872e-08, 3.70201e-08, -1, -120.803, 110.883, -382.093)
use_collision = true
size = Vector3(16, 0.5, 4)

[node name="CSGBox3D28" type="CSGBox3D" parent="WorldGeometry/Ramps"]
transform = Transform3D(-1, 0, -8.74228e-08, 0, 1, 0, 8.74228e-08, 0, -1, -111.175, 112.947, -382.135)
use_collision = true
size = Vector3(4, 0.5, 4)

[node name="CSGBox3D22" type="CSGBox3D" parent="WorldGeometry/Ramps"]
transform = Transform3D(-0.866026, 0.5, -8.9407e-08, 0.5, 0.866026, 0, 5.96046e-08, -2.98023e-08, -1, -120.273, 122.194, -402.399)
use_collision = true
size = Vector3(16, 0.5, 4)

[node name="CSGBox3D23" type="CSGBox3D" parent="WorldGeometry/Ramps"]
transform = Transform3D(1.24197e-08, -1.8489e-08, 1, -0.258819, 0.965926, -2.6054e-15, -0.965926, -0.258819, -1.053e-07, -131.677, 127.376, -399.466)
use_collision = true
size = Vector3(16, 0.5, 4)

[node name="CSGBox3D24" type="CSGBox3D" parent="WorldGeometry/Ramps"]
transform = Transform3D(-1, 0, -8.9407e-08, 0, 1, 0, 8.9407e-08, 0, -1, -129.112, 126.173, -402.441)
use_collision = true
size = Vector3(4, 0.5, 4)

[node name="CSGBox3D25" type="CSGBox3D" parent="WorldGeometry/Ramps"]
transform = Transform3D(0.866026, -0.5, 1.7683e-07, 0.5, 0.866026, 2.66454e-15, -1.35315e-07, 7.35137e-08, 1, -122.706, 133.453, -389.94)
use_collision = true
size = Vector3(16, 0.5, 4)

[node name="CSGBox3D26" type="CSGBox3D" parent="WorldGeometry/Ramps"]
transform = Transform3D(1, 0, 1.7683e-07, 0, 1, 0, -1.7683e-07, 0, 1, -113.867, 137.432, -389.898)
use_collision = true
size = Vector3(4, 0.5, 4)

[node name="CSGBox3D29" type="CSGBox3D" parent="WorldGeometry/Ramps"]
transform = Transform3D(-4.56956e-08, 0, 1, 0, 1, 0, -1, 0, -4.56956e-08, -131.635, 129.44, -389.838)
use_collision = true
size = Vector3(4, 0.5, 4)

[node name="CSGBox3D31" type="CSGBox3D" parent="WorldGeometry/Ramps"]
transform = Transform3D(-1, 0, -8.9407e-08, 0, 1, 0, 8.9407e-08, 0, -1, -110.021, 137.499, -400.583)
use_collision = true
size = Vector3(4, 0.5, 25.2862)

[node name="Logs" type="Node3D" parent="WorldGeometry"]
transform = Transform3D(1, 0, 0, 0, -0.0653683, -0.997861, 0, 0.997861, -0.0653683, 405.723, -27.1912, 257.005)

[node name="CSGCylinder3D" type="CSGCylinder3D" parent="WorldGeometry/Logs"]
use_collision = true
height = 18.5475

[node name="CSGCylinder3D2" type="CSGCylinder3D" parent="WorldGeometry/Logs"]
transform = Transform3D(0.946085, 0.302157, 0.11672, -0.323224, 0.857087, 0.401159, 0.0211739, -0.417258, 0.908542, -2.89798, 2.8959, 2.58082)
use_collision = true
height = 18.5475

[node name="CSGCylinder3D3" type="CSGCylinder3D" parent="WorldGeometry/Logs"]
transform = Transform3D(0.682777, -0.729065, 0.0477599, 0.698538, 0.670554, 0.249807, -0.214151, -0.137201, 0.967117, 6.01929, 94.7888, -6.06971)
use_collision = true
height = 21.5443

[node name="CSGCylinder3D4" type="CSGCylinder3D" parent="WorldGeometry/Logs"]
transform = Transform3D(0.882627, -0.438494, -0.169385, 0.426793, 0.898556, -0.102201, 0.197016, 0.0179125, 0.980237, 17.1014, 79.7628, -4.78787)
use_collision = true
height = 18.5475

[node name="LightBlockers" type="Node3D" parent="WorldGeometry"]
visible = false

[node name="LightBlocker2" type="MeshInstance3D" parent="WorldGeometry/LightBlockers"]
transform = Transform3D(0.866025, 0, -0.5, 0, 1, 0, 0.5, 0, 0.866025, -291.087, 10.1905, -68.0113)
mesh = SubResource("BoxMesh_6wqw5")
skeleton = NodePath("../../../Player")

[node name="LightBlocker" type="MeshInstance3D" parent="WorldGeometry/LightBlockers"]
transform = Transform3D(0.866025, 0, -0.5, 0, 1, 0, 0.5, 0, 0.866025, -327.09, -1.52379, -102.382)
mesh = SubResource("BoxMesh_4dlj8")
skeleton = NodePath("../../../Player")

[node name="Cave2" parent="WorldGeometry" instance=ExtResource("17_ro0nm")]
transform = Transform3D(1, 0, 1.73205, 0, 2, 0, -1.73205, 0, 1, -256.066, 0.335709, -32.4003)

[node name="SpotLight3D" type="SpotLight3D" parent="WorldGeometry/Cave2"]
transform = Transform3D(0.000277765, -0.499998, -0.00150797, 0.435737, -0.000497526, 0.245221, -0.245221, -0.00145039, 0.435734, 12.2585, -4.57028, -58.0595)
light_intensity_lumens = 50000.0
light_bake_mode = 1
shadow_enabled = true
spot_range = 16.1888

[node name="LightmapGI" type="LightmapGI" parent="WorldGeometry/Cave2"]
transform = Transform3D(0.25, 0, -0.433013, 0, 0.5, 0, 0.433013, 0, 0.25, 49.9894, -0.162827, 118.98)
quality = 3
supersampling = true
interior = true
texel_scale = 2.0
camera_attributes = SubResource("CameraAttributesPhysical_buykt")
generate_probes_subdiv = 4
light_data = ExtResource("2_sqxud")

[node name="Lighting" type="Node3D" parent="."]
transform = Transform3D(-0.990574, 0, 0.136978, 0, 1, 0, -0.136978, 0, -0.990574, 0, 0, 0)

[node name="DirectionalLight3D" type="DirectionalLight3D" parent="Lighting"]
transform = Transform3D(-0.866025, -0.433013, 0.25, 0, 0.5, 0.866025, -0.5, 0.75, -0.433013, 0, 4.0233, 0)
visible = false
light_angular_distance = 1.5
light_bake_mode = 1
shadow_enabled = true

[node name="WorldEnvironment" type="WorldEnvironment" parent="Lighting"]
environment = SubResource("Environment_sqxud")
camera_attributes = SubResource("CameraAttributesPhysical_jbwu0")

[node name="ReflectionProbe" type="ReflectionProbe" parent="Lighting"]
transform = Transform3D(-0.990574, 0, -0.136978, 0, 1, 0, 0.136978, 0, -0.990574, -0.163281, 1.55015, -1.18078)
visible = false
max_distance = 0.5

[node name="SwampTrees" type="Node3D" parent="."]
transform = Transform3D(-0.865569, 0.000210622, 0.246557, -0.00157076, 0.899977, -0.00628313, -0.246552, -0.00647307, -0.865546, 399.2, -26.528, 237.397)

[node name="tree_01_tscn" parent="SwampTrees" instance=ExtResource("29_nphhr")]
transform = Transform3D(-1.0686, -0.00193921, -0.304386, 0.000260027, 1.11108, -0.00799145, 0.304392, -0.00775695, -1.06858, -3.90683, -0.620308, -9.33334)

[node name="tree_01_tscn2" parent="SwampTrees" instance=ExtResource("29_nphhr")]
transform = Transform3D(1, 0, 0, 0, 1, -4.65661e-10, 5.96046e-08, 4.65661e-10, 1, -3.05176e-05, 0, 1.52588e-05)

[node name="tree_01_tscn3" parent="SwampTrees" instance=ExtResource("29_nphhr")]
transform = Transform3D(-1.0686, -0.00193921, -0.304386, 0.000260027, 1.11108, -0.00799145, 0.304392, -0.00775695, -1.06858, -14.4513, -0.807035, -5.80301)

[node name="tree_01_tscn4" parent="SwampTrees" instance=ExtResource("29_nphhr")]
transform = Transform3D(-1.06844, 0.00562345, -0.304903, 3.43649e-06, 1.11092, 0.0204772, 0.304954, 0.0196899, -1.06826, -29.51, -0.263411, -42.0009)

[node name="tree_01_tscn5" parent="SwampTrees" instance=ExtResource("29_nphhr")]
transform = Transform3D(0.171939, -0.00630822, -1.81407, 0.0146615, 1.82215, -0.00494668, 1.81402, -0.0141292, 0.171984, -52.2353, -1.35189, -49.2421)

[node name="tree_01_tscn6" parent="SwampTrees" instance=ExtResource("29_nphhr")]
transform = Transform3D(-1.06737, -0.00938522, -0.30855, 0.00166006, 1.11041, -0.0395181, 0.308688, -0.0384233, -1.06668, -56.0934, -0.225142, -73.8634)

[node name="tree_01_tscn7" parent="SwampTrees" instance=ExtResource("29_nphhr")]
transform = Transform3D(-1.06904, 0.00253124, -0.302856, 0.00380135, 1.1111, -0.00413177, 0.302842, -0.00501145, -1.06903, -29.8702, -0.338297, -59.4859)

[node name="tree_01_tscn8" parent="SwampTrees" instance=ExtResource("29_nphhr")]
transform = Transform3D(-1.07367, 0.0399645, -0.283185, 0.0408342, 1.11036, 0.00187975, 0.283061, -0.00859087, -1.07442, 17.6018, -1.02999, -61.3041)

[node name="tree_01_tscn9" parent="SwampTrees" instance=ExtResource("29_nphhr")]
transform = Transform3D(-1.0686, 0.00170162, -0.304389, 0.00383607, 1.11108, -0.00725583, 0.30437, -0.00802913, -1.06858, 2.7244, -0.343212, -50.1379)

[node name="tree_01_tscn10" parent="SwampTrees" instance=ExtResource("29_nphhr")]
transform = Transform3D(-1.0686, -0.00193921, -0.304386, 0.000260027, 1.11108, -0.00799145, 0.304392, -0.00775695, -1.06858, 8.20215, -0.597425, -54.684)

[node name="tree_01_tscn11" parent="SwampTrees" instance=ExtResource("29_nphhr")]
transform = Transform3D(-1.06906, -0.00732238, -0.302711, 2.70211e-05, 1.11078, -0.0269645, 0.3028, -0.0259513, -1.06874, -1.48483, -0.419786, -60.1249)

[node name="tree_01_tscn12" parent="SwampTrees" instance=ExtResource("29_nphhr")]
transform = Transform3D(-1.09568, 0.00226001, -0.184542, 0.0035688, 1.11108, -0.00758199, 0.184521, -0.0080694, -1.09565, -36.8266, -0.599663, -82.4639)

[node name="tree_01_tscn13" parent="SwampTrees" instance=ExtResource("29_nphhr")]
transform = Transform3D(-1.111, -0.00273778, -0.0154761, -0.00261455, 1.11107, -0.00885933, 0.0154974, -0.00882203, -1.11097, 7.1644, -1.5958, -216.834)

[node name="tree_01_tscn14" parent="SwampTrees" instance=ExtResource("29_nphhr")]
transform = Transform3D(-1.08511, -0.0019276, -0.238976, -0.000212902, 1.11108, -0.00799539, 0.238984, -0.00776247, -1.08508, 49.3771, -1.54145, -218.658)

[node name="tree_01_tscn15" parent="SwampTrees" instance=ExtResource("29_nphhr")]
transform = Transform3D(-1.08511, -0.00193914, -0.238979, -0.000225328, 1.11108, -0.00799251, 0.238986, -0.00775697, -1.08508, 51.4367, -1.26126, -200.849)

[node name="tree_01_tscn16" parent="SwampTrees" instance=ExtResource("29_nphhr")]
transform = Transform3D(-1.08511, -0.00187073, -0.238965, -0.000152065, 1.11108, -0.00800758, 0.238972, -0.00778748, -1.08508, 28.5165, -1.2764, -182.817)

[node name="tree_01_tscn17" parent="SwampTrees" instance=ExtResource("29_nphhr")]
transform = Transform3D(-1.08511, -0.00193914, -0.238979, -0.000225328, 1.11108, -0.00799251, 0.238986, -0.00775697, -1.08508, -18.1473, -1.71472, -179.754)

[node name="tree_01_tscn18" parent="SwampTrees" instance=ExtResource("29_nphhr")]
transform = Transform3D(-1.08511, -0.00199214, -0.238939, -0.000270673, 1.11108, -0.00803433, 0.238948, -0.00778815, -1.08509, -35.0875, -1.46806, -192.127)

[node name="tree_01_tscn19" parent="SwampTrees" instance=ExtResource("29_nphhr")]
transform = Transform3D(-1.0851, -0.00195896, -0.238996, -0.000249566, 1.11108, -0.00797404, 0.239004, -0.0077337, -1.08507, 12.4731, -1.6762, -201.614)

[node name="tree_01_tscn20" parent="SwampTrees" instance=ExtResource("29_nphhr")]
transform = Transform3D(-1.08603, 0.0134552, -0.234367, 0.0061262, 1.11053, 0.0353684, 0.234673, 0.0332778, -1.08554, -27.7442, -1.09151, -155.452)

